938
0.0           0.0       0.0        0.025
0.0199998803 48.3725662 2.84691167 0.08892217777947
0.0209998805 43.8115044 2.69244647 0.08892217777947
0.0219998807 39.8993187 2.55450559 0.09215435543041
0.0229998808 36.5193481 2.43070245 0.09530680554946
0.023999881 33.5795441 2.31906867 0.09838082897238
0.0249998812 31.0071144 2.21798587 0.10137702191273
0.0259998813 28.7433681 2.12609005 0.104297764255
0.0269998815 26.7409668 2.04224348 0.107144522792
0.0279998817 24.9612503 1.96548951 0.1099162961383
0.0289998818 23.3724957 1.89500737 0.11261496569577
0.029999882 21.948307 1.83009815 0.11524337759709
0.0309998821 20.6667404 1.77015853 0.1177999857694
0.0319998823 19.5093994 1.7146697 0.12028952309874
0.0329998806 18.4606094 1.66317177 0.12270874029599
0.0339998789 17.5074673 1.61529338 0.12505754670858
0.0349998772 16.6385632 1.57067561 0.1273412750006
0.0359998755 15.8442202 1.52900946 0.12955615746293
0.0369998738 15.1163301 1.4900471 0.13170316298513
0.0379998721 14.4476509 1.45354402 0.1337867226712
0.0389998704 13.831892 1.41928375 0.13580398705296
0.0399998687 13.2637691 1.38709271 0.13775075437027
0.040999867 12.738575 1.35680473 0.13962677438068
0.0419998653 12.2521553 1.32826734 0.14144399570163
0.0429998636 11.8007631 1.3013469 0.14320391024513
0.0439998619 11.3811541 1.27591753 0.14489153950971
0.0449998602 10.9905844 1.25187886 0.14650836705153
0.0459998585 10.6265478 1.22913802 0.14806128005685
0.0469998568 10.286767 1.20760477 0.14954855222518
0.0479998551 9.96919727 1.18719268 0.15096576089844
0.0489998534 9.67205524 1.1678282 0.15232518199866
0.0499998517 9.39368439 1.14944923 0.15361955762267
0.05099985 9.13269043 1.13199365 0.15484570430608
0.0519998483 8.88770199 1.11540258 0.15601139456817
0.0529998466 8.65755177 1.09962499 0.15710820280451
0.0539998449 8.44115448 1.08460975 0.15814287736859
0.0549998432 8.23758507 1.07032418 0.159117041416
0.0559998415 8.04586506 1.05671239 0.16003238277275
0.0569998398 7.86518908 1.04374051 0.16088296613918
0.0579998381 7.69490242 1.03138149 0.16166589191624
0.0589998364 7.53429651 1.01959825 0.16240409158167
0.0599998347 7.38261223 1.00834799 0.16308852689699
0.060999833 7.23938751 0.997612894 0.1637074287716
0.0619998313 7.10407639 0.987363577 0.16427278573194
0.0629998296 6.97619152 0.977575481 0.16479246256495
0.0639998317 6.85520887 0.968216956 0.16526057488733
0.0649998337 6.74077368 0.959271789 0.16567252012929
0.0659998357 6.63249969 0.950719237 0.16604426497153
0.0669998378 6.52988672 0.942520678 0.16637396205527
0.0679998398 6.43272066 0.934675157 0.16665974411964
0.0689998418 6.34059572 0.927151322 0.16690437878617
0.0699998438 6.25327635 0.919940114 0.16711108253351
0.0709998459 6.17045832 0.913022757 0.16728272866355
0.0719998479 6.09182882 0.906373501 0.16742712890091
0.0729998499 6.0171628 0.899985373 0.16753477194644
0.0739998519 5.94622135 0.893835664 0.16761377460053
0.074999854 5.87875175 0.887911975 0.16767427374806
0.075999856 5.81458473 0.882204711 0.16770564942278
0.076999858 5.75344086 0.876687407 0.16771692418953
0.07799986 5.69522142 0.871363282 0.16771854285661
0.0789998621 5.63960314 0.866199851 0.16770109602788
0.0799998641 5.58654118 0.861201882 0.16766217032355
0.0809998661 5.53582954 0.856352329 0.16761364972967
0.0819998682 5.48731613 0.85164094 0.16756402377116
0.0829998702 5.44080305 0.847052872 0.16750729229762
0.0839998722 5.39616251 0.842576921 0.16743314237286
0.0849998742 5.35336494 0.838219643 0.16736638185717
0.0859998763 5.31211901 0.833950818 0.16730563157351
0.0869998783 5.27234364 0.829765797 0.16723523561692
0.0879998803 5.23398399 0.825665295 0.16716651479927
0.0889998823 5.19690371 0.821638405 0.16710436821535
0.0899998844 5.16098738 0.817676008 0.16704819153186
0.0909998864 5.12617207 0.813777506 0.16699834421983
0.0919998884 5.0923171 0.809928179 0.16695854661954
0.0929998904 5.0593276 0.806122005 0.16691999149385
0.0939998925 5.02725029 0.802371085 0.16689412990779
0.0949998945 4.99586344 0.79865098 0.16688819708794
0.0959998965 4.96511936 0.794959605 0.16687970003702
0.0969998986 4.93506908 0.791308761 0.16688950269845
0.0979999006 4.90548325 0.787672281 0.1669114675593
0.0989999026 4.87647343 0.78406924 0.16694192787285
0.0999999046 4.84787846 0.780482292 0.16699448505564
0.100999907 4.81966019 0.776909471 0.16705234081901
0.101999909 4.7918725 0.773362815 0.1671210256838
0.102999911 4.76436234 0.769822299 0.1672038320361
0.103999913 4.73718977 0.766301453 0.16730031402407
0.104999915 4.71032 0.762799144 0.16741752362686
0.105999917 4.68362093 0.759298265 0.1675442892732
0.106999919 4.657166 0.75581181 0.16768037962275
0.107999921 4.63089561 0.752334177 0.16782932706204
0.108999923 4.6048069 0.74886632 0.16799258938959
0.109999925 4.57885361 0.74540472 0.1681726008466
0.110999927 4.55309343 0.741960824 0.16835080306015
0.111999929 4.52749395 0.738527954 0.16854493594635
0.112999931 4.50198746 0.735100985 0.16876583302739
0.113999933 4.47659636 0.731685102 0.1689845150418
0.114999935 4.4513073 0.728276193 0.16920890321881
0.115999937 4.42615032 0.724882662 0.16945257400148
0.116999939 4.4011035 0.721502364 0.16969660888522
0.117999941 4.37618256 0.718136251 0.16995696196434
0.118999943 4.35131884 0.714777946 0.17023034724035
0.119999945 4.3265605 0.711433053 0.17049991183472
0.120999947 4.30194569 0.708109021 0.17078820472677
0.121999949 4.27739859 0.704795718 0.17107385405638
0.122999951 4.25300121 0.701503038 0.17137028426849
0.123999953 4.22863054 0.698215604 0.17168315731128
0.124999955 4.20439672 0.694949508 0.17199697456433
0.125999957 4.18025303 0.69169867 0.17230336079321
0.126999959 4.15628862 0.688474059 0.1726264192144
0.127999961 4.13238764 0.68526268 0.17295353597081
0.128999963 4.10863209 0.682071805 0.17329102310277
0.129999965 4.08494759 0.678896427 0.17364199528957
0.130999967 4.06144381 0.6757496 0.17396993495683
0.131999969 4.03804922 0.672619164 0.17431947133028
0.132999972 4.01473141 0.669502616 0.17466687567368
0.133999974 3.99161887 0.666417956 0.17501897027769
0.134999976 3.96861458 0.663352609 0.17537865003575
0.135999978 3.94573903 0.660306454 0.17574105439372
0.13699998 3.92301321 0.657286406 0.17611125523376
0.137999982 3.90039444 0.654282391 0.17647046294417
0.138999984 3.87794709 0.651305437 0.17683904636633
0.139999986 3.85563827 0.648351014 0.17721131618125
0.140999988 3.83348966 0.645421624 0.17758111813725
0.14199999 3.81148744 0.642515004 0.17794961296192
0.142999992 3.78965282 0.639633894 0.17832674815425
0.143999994 3.76796198 0.636775911 0.17871194636374
0.144999996 3.74642754 0.633942187 0.17908431748161
0.145999998 3.72504139 0.631129682 0.17947339987989
0.147 3.70380425 0.628342211 0.17985474072769
0.148000002 3.68276691 0.625583529 0.18022418746284
0.149000004 3.66187477 0.622846782 0.18060698526828
0.150000006 3.64115477 0.620135605 0.09183710895442
0.15161866688   3.797989029600002   0.6405432283200003   0.1526519037599999
0.15349155584   3.979363980800005   0.6646673725600007   0.1517694112799999
0.1555551113599999   4.184072487199993   0.6919214406399991   0.15083946992
0.1577457779199999   4.407318182399996   0.7216848204799994   0.14989827704
0.16   4.6443047   0.7533368999999999   0.1489820299999999
0.162   4.869845184000003   0.7836217397600003   0.1482788327199999
0.164   5.104631380000006   0.8152128868800009   0.1476349993599999
0.1659999999999999   5.348964543999993   0.848148561119999   0.14704875064
0.1679999999999999   5.603145931999996   0.8824669822399995   0.14651830728
0.17   5.8674768   0.91820637   0.14604189
0.172   6.142789812000004   0.9554132916800005   0.1456197672
0.174   6.428721964000008   0.994115532640001   0.1452476
0.1759999999999999   6.725441659999991   1.034349225759998   0.1449230972
0.1779999999999999   7.033117303999995   1.076150503919999   0.1446439676
0.1799999999999999   7.3519173   1.119555499999999   0.14440792
0.182   7.701438676000004   1.16461369024   0.1423221223999999
0.184   8.057564056000011   1.211344528320001   0.1407474595999999
0.1859999999999999   8.415604687999989   1.259780811279998   0.1401542756
0.1879999999999999   8.770871819999994   1.309955336159999   0.1410129143999999
0.19   9.1186767   1.3619009   0.14379372
0.192   9.448152310400004   1.417593168   0.1538724239200001
0.194   9.762332731200009   1.474636352000001   0.1655876357600003
0.1959999999999999   10.05807377679999   1.532577531999998   0.1781833526399996
0.1979999999999999   10.33223126159999   1.590963787999999   0.1909035716799998
0.2   10.581661   1.6493422   0.2029922899999999
0.202   10.7790645184   1.70575708   0.209032122
0.204   10.9514904912   1.761633968000001   0.2140937932000001
0.2059999999999999   11.10183330479999   1.816895635999998   0.2185866463999998
0.2079999999999999   11.23298734559999   1.871464855999999   0.2229200243999999
0.2099999999999999   11.347847   1.925264399999999   0.22750327
0.212   11.457291656   1.9782938784   0.2360806946400001
0.214   11.554234448   2.030380015200001   0.2448929303200002
0.2159999999999999   11.63957351199999   2.081426372799998   0.2535155776799997
0.2179999999999999   11.71420698399999   2.131336513599999   0.2615242373599999
0.22   11.779033   2.180013999999999   0.26849451
0.222   11.831773152   2.2267819208   0.2711610276
0.224   11.877296256   2.272269430400001   0.2726506016
0.2259999999999999   11.91729458399999   2.316525209599998   0.2732490747999999
0.2279999999999999   11.953460408   2.359597939199999   0.27324229
0.23   11.987486   2.4015363   0.27291609
0.232   12.027757296   2.4424301664   0.2736943454399999
0.234   12.067599488   2.482276727200001   0.27444036432
0.2359999999999999   12.10703143199999   2.521114364799999   0.2751554824799999
0.2379999999999999   12.14607198399999   2.558981461599999   0.2758410357599999
0.2399999999999999   12.18474   2.5959164   0.27649836
0.242   12.223073312   2.6319889608   0.2771296912
0.244   12.261067056   2.667198278400001   0.2777352399999999
0.2459999999999999   12.29873534399999   2.701574885599999   0.2783161171999999
0.2479999999999999   12.33609228799999   2.735149315199999   0.2788734336
0.25   12.37315199999999   2.7679521   0.2794083
0.252   12.409944496   2.8000380288   0.2799226083199999
0.254   12.446464008   2.831407314400001   0.28041649296
0.2559999999999999   12.48272067199999   2.862084425599999   0.28089086944
0.258   12.518724624   2.892093831199999   0.28134665328
0.26   12.554486   2.92146   0.28178476
0.262   12.590027384   2.9502263352   0.28220677232
0.264   12.625343352   2.9783936376   0.28261277176
0.2659999999999999   12.660440928   3.005981642399999   0.2830035070399999
0.268   12.695327136   3.033010084799999   0.28337972688
0.27   12.730009   3.0594987   0.28374218
0.272   12.764503176   3.085482148   0.2840921821599999
0.274   12.798804648   3.110961508   0.28442977328
0.2759999999999999   12.83291803199999   3.135952783999999   0.2847555603199999
0.278   12.86684794399999   3.160471979999999   0.2850701502399999
0.28   12.90059899999999   3.184535099999999   0.2853741499999999
0.282   12.93437674399999   3.2081699784   0.28566960336
0.284   12.96793463199999   3.2313778312   0.28595532128
0.2859999999999999   13.00122704799999   3.254171704799999   0.28623155152
0.288   13.03420837599999   3.276564645599999   0.28649854184
0.2899999999999999   13.06683299999999   3.2985697   0.28675654
0.292256   13.102518152   3.3226637   0.2870264849599999
0.294448   13.136889656   3.34577996   0.28728276048
0.2965119999999999   13.16903618399999   3.367315579999999   0.28752044152
0.2983839999999999   13.198046408   3.386667659999999   0.2877346030399999
0.2999999999999999   13.22300899999999   3.403233299999999   0.28792032
0.30084649184   13.236406424   3.411909382399999   0.28803800816
0.3014213607199999   13.24558511199999   3.417718279199999   0.28812606648
0.30177298368   13.251285288   3.421182144799999   0.2881882347199999
0.30194973776   13.254247176   3.422823133599999   0.28822825264
0.3019999999999999   13.25521099999999   3.4231634   0.28824986
0.30204713   13.25596699999999   3.4236293   0.28821263
0.3020568191999999   13.25612248799999   3.4237250488   0.28821372952
0.302066598   13.25627942399999   3.4238216744   0.28821643136
0.3020764671999999   13.256437816   3.4239191856   0.2882202014399999
0.3020864275999999   13.256597672   3.4240175912   0.28822450568
0.30209648   13.256759   3.4241169   0.28822881
0.3021066245599999   13.256921776   3.424217124   0.28822989648
0.30211686288   13.257086048   3.424318267999999   0.28823058584
0.3021271959199999   13.257251832   3.42442034   0.28823101496
0.30213762464   13.257419144   3.424523348   0.28823132072
0.30214815   13.257588   3.4246273   0.28823164
0.30215877296   13.257758416   3.4247321976   0.28823280664
0.30216949448   13.257930408   3.4248380568   0.28823408632
0.30218031552   13.25810399199999   3.4249448872   0.2882354416799999
0.30219123704   13.25827918399999   3.4250526984   0.28823683536
0.30220226   13.25845599999999   3.4251615   0.2882382299999999
0.302213386   13.25863448799999   3.425271308   0.2882393443999999
0.3022246152   13.25881462399999   3.425382124   0.2882404459999999
0.3022359484   13.258996416   3.425493956   0.2882415583999999
0.3022473863999999   13.259179872   3.425606812   0.2882427052
0.3022589299999999   13.259365   3.4257207   0.2882439099999999
0.3022705790399999   13.259551712   3.4258356152   0.2882455372
0.30228233552   13.259740136   3.4259515816   0.2882471843999999
0.30229420048   13.259930304   3.4260686104   0.2882487899999999
0.30230617496   13.260122248   3.426186712799999   0.2882502924
0.30231826   13.260316   3.4263059   0.2882516299999999
0.302330456   13.26051172   3.4264261928   0.28825194152
0.3023427648   13.26070927999999   3.4265475904   0.28825216496
0.3023551876   13.26090868   3.4266701016   0.28825243864
0.3023677256   13.26110991999999   3.4267937352   0.28825290088
0.30238038   13.26131299999999   3.4269185   0.28825369
0.30239315296   13.261517824   3.4270443984   0.2882561996799999
0.30240604448   13.261724512   3.4271714472   0.28825899904
0.30241905552   13.26193308799999   3.4272996568   0.28826191256
0.30243218704   13.262143576   3.4274290376   0.28826476472
0.30244544   13.262356   3.4275596   0.28826738
0.3024588144   13.262570416   3.427691348   0.28826838736
0.3024723124   13.262786808   3.4278243   0.28826910568
0.3024859352   13.263005192   3.427958468   0.28826965832
0.302499684   13.263225584   3.428093864   0.2882701686399999
0.30251356   13.263448   3.4282305   0.28827076
0.30252756408   13.263672424   3.4283683912   0.2882722315999999
0.30254169784   13.263898912   3.4285075456   0.2882738619999999
0.30255596256   13.264127488   3.4286479744   0.2882756055999999
0.30257035952   13.264358176   3.428789688799999   0.2882774168
0.30258489   13.264591   3.428932699999999   0.2882792499999999
0.3025995559199999   13.264826016   3.429077019199999   0.2882808419999999
0.3026143577599999   13.265063208   3.429222657599999   0.2882824191999999
0.3026292966399999   13.265302592   3.429369626399999   0.2882839903999999
0.30264437368   13.265544184   3.429517936799999   0.2882855643999999
0.3026595899999999   13.265788   3.429667599999999   0.2882871499999999
0.30267494544   13.266034024   3.429818617599999   0.28828879664
0.3026904427199999   13.266282312   3.429971012799999   0.28829046232
0.3027060832799999   13.266532888   3.430124799199999   0.28829214568
0.3027218685599999   13.26678577599999   3.430279990399999   0.28829384536
0.3027378   13.26704099999999   3.430436599999999   0.28829556
0.3027538793599999   13.267298616   3.430594648   0.28829728312
0.30277010768   13.267558608   3.430754139999999   0.28829901976
0.3027864863199999   13.26782099199999   3.430915087999999   0.28830076984
0.30280301664   13.26808578399999   3.431077504   0.28830253328
0.3028197   13.26835299999999   3.4312414   0.28830431
0.30283653744   13.268622592   3.4314067784   0.2883060909599999
0.30285353072   13.268894656   3.4315736632   0.28830788728
0.30287068128   13.269169224   3.4317420688   0.2883097011199999
0.3028879905599999   13.269446328   3.4319120096   0.2883115346399999
0.30290546   13.269726   3.4320835   0.28831339
0.3029230903999999   13.270008336   3.4322565544   0.28831528632
0.3029408839999999   13.270293288   3.4324311872   0.2883172045599999
0.3029588423999999   13.270580872   3.4326074128   0.28831914264
0.3029769672   13.27087110399999   3.4327852456   0.28832109848
0.3029952599999999   13.27116399999999   3.4329647   0.28832307
0.30301372304   13.271459512   3.4331457872   0.28832504456
0.3030323571199999   13.271757736   3.433328525599999   0.28832703328
0.30305116368   13.27205870399999   3.4335129304   0.2883290367199999
0.30307014416   13.272362448   3.433699016799999   0.28833105544
0.3030893   13.272669   3.433886799999999   0.28833309
0.3031086310399999   13.272978424   3.434076298399999   0.28833513744
0.3031281407199999   13.273290712   3.434267523199999   0.28833720272
0.3031478308799999   13.273605888   3.4344604888   0.28833928728
0.3031677033599999   13.273923976   3.4346552096   0.28834139256
0.3031877599999999   13.274245   3.4348517   0.28834352
0.3032080036   13.274568984   3.4350499648   0.28834568192
0.3032284347999999   13.274895952   3.4352500304   0.28834786616
0.3032490552   13.27522592799999   3.4354519136   0.28835007144
0.3032698663999999   13.27555893599999   3.435655631199999   0.2883522964799999
0.3032908699999999   13.27589499999999   3.435861199999999   0.2883545399999999
0.303312066   13.27623411199999   3.4360686368   0.2883567914399999
0.303333458   13.276576336   3.436277958399999   0.2883590611199999
0.303355048   13.27692170399999   3.4364891816   0.28836135008
0.303376838   13.277270248   3.4367023232   0.28836365936
0.30339883   13.277622   3.4369174   0.28836599
0.30342102696   13.277977024   3.4371344224   0.2883683488
0.3034434296799999   13.278335312   3.4373534152   0.2883707296
0.30346603992   13.278696888   3.4375743968   0.288373132
0.3034888594399999   13.279061776   3.4377973856   0.2883755556
0.30351189   13.27943   3.438022399999999   0.288378
0.3035351320799999   13.27980151999999   3.438249461599999   0.28838046032
0.30355858904   13.28017644   3.438478584799999   0.28838294176
0.3035822629599999   13.2805548   3.4387097872   0.28838544504
0.30360615592   13.28093664   3.4389430864   0.28838797088
0.3036302699999999   13.281322   3.4391785   0.2883905199999999
0.3036546072799999   13.281710952   3.439416035999999   0.2883930953599999
0.3036791698399999   13.282103496   3.439655724   0.28839569488
0.3037039597599999   13.28249966399999   3.439897583999999   0.2883983187199999
0.30372897912   13.28289948799999   3.440141635999999   0.28840096704
0.30375423   13.28330299999999   3.440387899999999   0.28840364
0.30377971384   13.28371023199999   3.440636399199999   0.28840634064
0.30380543352   13.28412121599999   3.4408871496   0.28840906552
0.30383139128   13.284535984   3.441140170399999   0.28841181408
0.30385758936   13.284954568   3.441395480799999   0.28841458576
0.30388403   13.285377   3.441653099999999   0.28841738
0.30391071512   13.28580328   3.4419130376   0.2884201875999999
0.30393764736   13.28623348   3.4421753248   0.2884230187999999
0.30396482904   13.28666763999999   3.4424399832   0.2884258751999999
0.30399226248   13.28710579999999   3.4427070344   0.2884287583999999
0.3040199499999999   13.28754799999999   3.4429765   0.2884316699999999
0.3040478939199999   13.28799434399999   3.4432484016   0.2884346231199999
0.30407609656   13.28844479199999   3.4435227608   0.2884376049599999
0.30410456024   13.28889936799999   3.4437995992   0.28844061424
0.30413328728   13.28935809599999   3.444078938399999   0.2884436496799999
0.30416228   13.28982099999999   3.444360799999999   0.28844671
0.3041915394399999   13.29028797599999   3.444645199199999   0.2884497833599999
0.30422106952   13.29075920799999   3.444932165599999   0.28845288168
0.3042508728799999   13.29123475199999   3.445221722399999   0.28845600632
0.3042809521599999   13.29171466399999   3.445513892799999   0.2884591586399999
0.30431131   13.29219899999999   3.445808699999999   0.2884623399999999
0.30434194936   13.292687912   3.446106170399999   0.2884655581599999
0.30437287248   13.293181336   3.446406323199999   0.28846880648
0.30440408192   13.293679304   3.446709180799999   0.28847208472
0.30443558024   13.294181848   3.447014765599999   0.2884753926399999
0.30446737   13.294689   3.447323099999999   0.28847873
0.3044994528   13.295200728   3.447634190399999   0.2884820943199999
0.3045318324   13.295717144   3.447948079199999   0.28848548816
0.3045645116   13.296238296   3.448264792799999   0.28848891184
0.3045974932   13.296764232   3.4485843576   0.28849236568
0.30463078   13.297295   3.4489068   0.28849585
0.30466437416   13.29783068   3.4492321528   0.28849936512
0.30469827928   13.29837128   3.449560434399999   0.28850291136
0.3047324983199999   13.29891683999999   3.449891669599999   0.28850648904
0.30476703424   13.29946739999999   3.450225883199999   0.28851009848
0.30480189   13.30002299999999   3.450563099999999   0.28851374
0.30483706856   13.30058361599999   3.450903338399999   0.2885174142399999
0.30487257288   13.301149368   3.451246631199999   0.28852112112
0.30490840592   13.301720312   3.451593004799999   0.28852486088
0.30494457064   13.302296504   3.4519424856   0.2885286337599999
0.30498107   13.302878   3.4522951   0.28853244
0.30501790568   13.30346492   3.4526508648   0.28853627984
0.30505508224   13.30405724   3.4530098184   0.28854015352
0.30509260296   13.304655   3.4533719896   0.2885440612799999
0.30513047112   13.30525823999999   3.4537374072   0.2885480033599999
0.30516869   13.30586699999999   3.4541061   0.2885519799999999
0.3052072632   13.30648128799999   3.4544780968   0.2885559914399999
0.3052461936   13.307101184   3.454853426399999   0.28856003792
0.3052854844   13.307726736   3.455232117599999   0.28856411968
0.3053251388   13.308357992   3.455614199199999   0.28856823696
0.30536516   13.308995   3.455999699999999   0.28857239
0.3054055495999999   13.309637744   3.456388645599999   0.28857657712
0.3054463128   13.310286352   3.456781068799999   0.2885808009599999
0.3054874532   13.310940888   3.4571769992   0.28858506224
0.3055289743999999   13.311601416   3.4575764664   0.2885893616799999
0.3055708799999999   13.312268   3.4579795   0.2885937
0.3056131736   13.312940736   3.45838612   0.2885980820799999
0.3056558587999999   13.313619648   3.458796368   0.2886025034399999
0.3056989391999999   13.314304792   3.459210275999999   0.28860696376
0.3057424183999999   13.314996224   3.459627875999999   0.2886114627199999
0.3057863   13.315694   3.460049199999999   0.2886159999999999
0.3058305866399999   13.316398208   3.460474276799999   0.28862057048
0.30587528312   13.317108864   3.460903142399999   0.2886251798399999
0.30592039328   13.317826016   3.461335829599999   0.28862982896
0.30596592096   13.31854971199999   3.461772371199999   0.28863451872
0.30601187   13.31927999999999   3.4622128   0.28863925
0.30605824328   13.320016832   3.4626571456   0.28864402688
0.30610504584   13.320760376   3.4631054448   0.2886488462399999
0.3061522817599999   13.321510704   3.463557731199999   0.28865370816
0.3061999551199999   13.322267888   3.464014038399999   0.2886586127199999
0.3062480699999999   13.323032   3.464474399999999   0.2886635599999999
0.30629663048   13.323803144   3.464938843199999   0.2886685487999999
0.30634564064   13.324581352   3.465407409599999   0.2886735808
0.30639510456   13.32536668799999   3.465880134399999   0.2886786564
0.30644502632   13.32615921599999   3.466357052799999   0.288683776
0.30649541   13.32695899999999   3.466838199999999   0.28868894
0.30654625808   13.32776613599999   3.4673236016   0.28869414912
0.3065975766399999   13.32858064799999   3.467813304799999   0.28869940336
0.3066493701599999   13.32940259199999   3.4683073472   0.28870470304
0.3067016431199999   13.330232024   3.4688057664   0.2887100484799999
0.3067543999999999   13.331069   3.4693086   0.2887154399999999
0.3068076452799999   13.33191348   3.4698158888   0.2887208769599999
0.30686138344   13.33276564   3.4703276664   0.2887263608799999
0.3069156189599999   13.33362556   3.4708439696   0.2887318923199999
0.30697035632   13.33449332   3.4713648352   0.2887374718399999
0.3070256   13.335369   3.4718903   0.2887430999999999
0.3070813525599999   13.336252712   3.472420388   0.2887487786399999
0.30713762088   13.33714449599999   3.472955152   0.2887545067199999
0.3071944099199999   13.338044424   3.473494632   0.2887602844799999
0.3072517246399999   13.33895256799999   3.474038868   0.2887661121599999
0.3073095699999999   13.33986899999999   3.4745879   0.2887719899999999
0.3073679506399999   13.34079382399999   3.4751417616   0.2887779172799999
0.3074268719199999   13.34172707199999   3.4757005008   0.2887838954399999
0.3074863388799999   13.342668808   3.4762641592   0.28878992496
0.30754635656   13.343619096   3.476832778399999   0.2887960063199999
0.30760693   13.344578   3.4774064   0.2888021399999999
0.3076680635999999   13.345545456   3.4779850656   0.2888083271199999
0.3077297632   13.346521688   3.478568816799999   0.28881456736
0.3077920339999999   13.347506792   3.479157695199999   0.2888208610399999
0.3078548811999999   13.348500864   3.4797517424   0.2888272084799999
0.3079183099999999   13.349504   3.480350999999999   0.28883361
0.3079823239999999   13.35051636   3.480955496799999   0.2888400656
0.3080469303999999   13.35153796   3.481565290399999   0.288846576
0.3081121347999999   13.35256888   3.482180425599999   0.2888531416
0.3081779427999999   13.35360919999999   3.482800947199999   0.2888597628
0.30824436   13.354659   3.4834269   0.28886644
0.3083113916799999   13.35571835999999   3.4840583256   0.2888731697599999
0.30837904384   13.35678735999999   3.484695272799999   0.2888799572799999
0.3084473221599999   13.35786607999999   3.4853377872   0.2888868039199999
0.30851623232   13.35895459999999   3.4859859144   0.28889371104
0.30858578   13.36005299999999   3.4866397   0.28890068
0.30865596864   13.361161328   3.4872991832   0.28890772944
0.30872680672   13.36227970399999   3.4879644176   0.2889148391199999
0.3087983004799999   13.363408216   3.4886354504   0.28892200608
0.3088704561599999   13.364546952   3.4893123288   0.2889292273599999
0.3089432799999999   13.365696   3.4899951   0.2889364999999999
0.3090167782399999   13.36685538399999   3.4906838048   0.2889437595999999
0.30909095712   13.368025272   3.4913784984   0.2889510799999999
0.3091658228799999   13.369205768   3.492079229599999   0.2889584735999999
0.3092413817599999   13.370396976   3.4927860472   0.2889659527999999
0.30931764   13.371599   3.493498999999999   0.2889735299999999
0.3093946022399999   13.37281197599999   3.494218127199999   0.2889814380799999
0.30947227672   13.37403596799999   3.494943489599999   0.2889894138399999
0.30955067008   13.375271072   3.4956751384   0.28899741456
0.30962978896   13.376517384   3.4964131248   0.2890053975199999
0.30970964   13.377775   3.4971575   0.28901332
0.30979022824   13.379044016   3.4979083088   0.2890204948
0.30987156232   13.38032452799999   3.4986656104   0.2890276848
0.30995364928   13.381616632   3.4994294576   0.2890350084
0.31003649616   13.382920424   3.5001999032   0.289042584
0.31012011   13.384236   3.500977   0.28905053
0.3102044971999999   13.385563392   3.5017608008   0.28906029856
0.3102896655999999   13.38690277599999   3.502551358399999   0.28907034088
0.3103756224   13.388254264   3.5033487256   0.2890804419199999
0.3104623748   13.389617968   3.504152955199999   0.2890903866399999
0.3105499299999999   13.390994   3.504964099999999   0.2890999599999999
0.3106382929599999   13.392382472   3.505782193599999   0.28910700872
0.31072747368   13.39378349599999   3.506607312799999   0.28911374056
0.3108174799199999   13.39519718399999   3.507439515199999   0.28912042504
0.31090831944   13.39662364799999   3.508278858399999   0.2891273316799999
0.311   13.39806299999999   3.509125399999999   0.28913473
0.31109252904   13.39951538399999   3.509979204   0.28914490232
0.31118591472   13.400980872   3.510840319999999   0.28915560216
0.31128016488   13.402459568   3.511708804   0.2891665958399999
0.31137528736   13.403951576   3.512584711999999   0.2891776496799999
0.31147129   13.405457   3.513468099999999   0.28918853
0.31156817776   13.406975784   3.514359001599999   0.2891974965599999
0.31166596208   13.408508232   3.515257500799999   0.2892061988799999
0.31176465152   13.410054488   3.516163659199999   0.28921477992
0.31186425464   13.411614696   3.517077538399999   0.28922338264
0.31196478   13.413189   3.517999199999999   0.28923215
0.31206623616   13.414777704   3.518928711999999   0.28924203936
0.31216863168   13.416380752   3.519866127999999   0.28925217568
0.3122719751199999   13.417998248   3.520811508   0.28926249832
0.3123762750399999   13.419630296   3.521764912   0.2892729466399999
0.31248154   13.421277   3.5227264   0.2892834599999999
0.3125877753599999   13.422938304   3.523696016   0.2892936315199999
0.3126949936799999   13.424614512   3.52467384   0.2893038333599999
0.31280320432   13.42630576799999   3.525659936   0.28931409144
0.31291241664   13.42801221599999   3.526654368   0.2893244316799999
0.31302264   13.42973399999999   3.5276572   0.28933488
0.3131338828   13.43147132799999   3.528668496   0.28934565656
0.3132461556   13.433224264   3.52968832   0.28935654448
0.3133594679999999   13.434992936   3.530716736   0.28936752112
0.3134738295999999   13.436777472   3.531753808   0.2893785638399999
0.3135892499999999   13.438578   3.5327996   0.28938965
0.31370573752   13.440394552   3.533854156799999   0.2894005496
0.31382330336   13.442227376   3.5349175664   0.2894114991999999
0.31394195744   13.444076624   3.535989897599999   0.289422528
0.3140617096799999   13.445942448   3.5370712192   0.2894336651999999
0.3141825699999999   13.447825   3.5381616   0.2894449399999999
0.31430454512   13.449724496   3.539261111999999   0.2894565876799999
0.31442764896   13.45164100799999   3.54036982   0.28946837984
0.3145518922399999   13.453574672   3.541487791999999   0.2894802941599999
0.31467728568   13.455525624   3.542615096   0.28949230832
0.31480384   13.457494   3.543751799999999   0.2895044
0.3149315652799999   13.45947984   3.5448979592   0.2895164179199999
0.31506047304   13.4614834   3.546053657599999   0.2895285009599999
0.31519057416   13.46350484   3.5472189664   0.2895406590399999
0.31532187952   13.46554432   3.5483939568   0.28955290208
0.3154544   13.467602   3.5495787   0.28956524
0.31558814328   13.46967804   3.550773267199999   0.28957770544
0.3157231242399999   13.4717726   3.5519777296   0.28959027992
0.3158593545599999   13.47388584   3.5531921584   0.2896029676799999
0.3159968459199999   13.47601792   3.5544166248   0.28961577296
0.31613561   13.478169   3.5556512   0.2896287
0.3162756568799999   13.480339208   3.556895936   0.28964185896
0.31641700024   13.482528744   3.558150928   0.28965512168
0.3165596521599999   13.48473777599999   3.559416252   0.28966846592
0.31670362472   13.48696647199999   3.560691984   0.28968186944
0.31684893   13.48921499999999   3.5619782   0.2896953099999999
0.31699557784   13.49148352799999   3.563274982399999   0.28970844728
0.31714358312   13.49377222399999   3.5645823992   0.2897216566399999
0.31729295848   13.496081256   3.5659005248   0.2897349953599999
0.3174437165599999   13.498410792   3.5672294336   0.2897485207199999
0.31759587   13.500761   3.5685692   0.2897622899999999
0.3177494288799999   13.503132016   3.569919876   0.2897768964799999
0.31790440904   13.505524048   3.571281564   0.2897917274399999
0.31806082376   13.50793727199999   3.572654344   0.2898067061599999
0.31821868632   13.510371864   3.574038295999999   0.2898217559199999
0.31837801   13.51282799999999   3.575433499999999   0.2898368
0.3185388055199999   13.51530579199999   3.5768400456   0.28985121256
0.31870108936   13.51780549599999   3.5782580008   0.2898656032799999
0.3188648754399999   13.520327304   3.5796874432   0.28988003272
0.31903017768   13.522871408   3.5811284504   0.28989456144
0.31919701   13.525438   3.5825811   0.28990925
0.3193653840799999   13.528027272   3.5840454504   0.28992450232
0.31953531664   13.530639416   3.5855216032   0.2899399497599999
0.31970682216   13.533274624   3.5870096408   0.2899555670399999
0.31987991512   13.535933088   3.5885096456   0.2899713288799999
0.32005461   13.538615   3.5900217   0.28998721
0.32023091776   13.541320552   3.5915458864   0.2900030519999999
0.32040885728   13.544049936   3.5930822872   0.290018996
0.32058844392   13.546803344   3.5946309848   0.29003505
0.32076969304   13.549580968   3.5961920616   0.290051222
0.32095262   13.552383   3.5977656   0.29006752
0.32113723792   13.555209568   3.5993516728   0.29008398688
0.32132356496   13.558060944   3.6009503744   0.29010058704
0.32151161704   13.560937336   3.6025617896   0.2901173197599999
0.32170141008   13.56383895199999   3.6041860032   0.2901341843199999
0.32189296   13.56676599999999   3.6058231   0.29015118
0.3220862798399999   13.569718624   3.6074731648   0.29016829872
0.32228138912   13.572697112   3.6091362824   0.2901855489599999
0.3224783044799999   13.57570168799999   3.6108125376   0.29020293184
0.32267704256   13.578732576   3.6125020152   0.29022044848
0.3228776199999999   13.58179   3.6142048   0.2902381
0.3230800499199999   13.58487421599999   3.615920967199999   0.29025588784
0.32328435336   13.587985408   3.6176506136   0.2902738127199999
0.3234905478399999   13.59112379199999   3.619393826399999   0.2902918756799999
0.3236986508799999   13.59428958399999   3.6211506928   0.29031007776
0.32390868   13.59748299999999   3.622921299999999   0.2903284199999999
0.3241206495199999   13.60070425599999   3.624705728799999   0.2903469040799999
0.32433458096   13.603953568   3.6265040744   0.29036553024
0.32455049264   13.60723115199999   3.6283164256   0.2903842993599999
0.32476840288   13.610537224   3.630142871199999   0.2904032123199999
0.32498833   13.61387199999999   3.6319835   0.2904222699999999
0.32521028848   13.61723553599999   3.633838397599999   0.2904414726399999
0.32543430144   13.62062824799999   3.6357076568   0.29046082192
0.3256603881599999   13.62405039199999   3.637591367199999   0.2904803188799999
0.32588856792   13.62750222399999   3.639489618399999   0.2904999645599999
0.32611886   13.63098399999999   3.641402499999999   0.29051976
0.3263512807999999   13.63449610399999   3.643330098399999   0.2905397056
0.3265858532   13.63803863199999   3.6452725072   0.2905598032
0.3268225971999999   13.64161180799999   3.647229816799999   0.290580054
0.3270615328   13.645215856   3.6492021176   0.2906004591999999
0.32730268   13.648851   3.6511895   0.29062102
0.32754605464   13.652517304   3.653192054399999   0.29064173856
0.32779168192   13.656215192   3.6552098712   0.29066261488
0.32803958288   13.659944928   3.6572430408   0.29068364992
0.32828977856   13.663706776   3.6592916536   0.29070484464
0.32854229   13.667501   3.661355799999999   0.2907261999999999
0.3287971344   13.671327896   3.663435563999999   0.2907477153599999
0.3290543376   13.675187688   3.665531044   0.2907693936799999
0.3293139216   13.679080632   3.667642331999999   0.2907912363199999
0.3295759084   13.683006984   3.66976952   0.29081324464
0.32984032   13.68696699999999   3.6719127   0.29083542
0.33010717392   13.69096093599999   3.674071957599999   0.29085776472
0.33037649776   13.69498904799999   3.6762473928   0.29088027896
0.33064831464   13.69905159199999   3.678439099199999   0.2909029638399999
0.33092264768   13.70314882399999   3.680647170399999   0.2909258204799999
0.33119952   13.70728099999999   3.682871699999999   0.2909488499999999
0.33147895088   13.71144827999999   3.685112784799999   0.2909720506399999
0.33176096824   13.71565103999999   3.6873705144   0.2909954271199999
0.33204559616   13.71988956   3.689644981599999   0.2910189812799999
0.33233285872   13.72416412   3.6919362792   0.29104271496
0.33262278   13.728475   3.694244499999999   0.2910666299999999
0.33291537864   13.73282248   3.696569739999999   0.29109073848
0.33321068552   13.73720684   3.698912088   0.29111502944
0.33350872608   13.74162836   3.701271636   0.29113950216
0.33380952576   13.74608732   3.703648476   0.29116415592
0.3341131099999999   13.750584   3.7060427   0.2911889899999999
0.3344195007199999   13.75511867999999   3.7084543904   0.2912139783999999
0.33472872776   13.75969164   3.7108836512   0.291239152
0.33504081744   13.76430315999999   3.7133305768   0.2912645164
0.33535579608   13.76895352   3.7157952616   0.2912900772
0.33567369   13.773643   3.7182778   0.2913158399999999
0.33599451976   13.77837184799999   3.720778292799999   0.29134184784
0.33631831888   13.78314038399999   3.7232968264   0.29136805952
0.3366451151199999   13.787948896   3.7258334936   0.29139447128
0.3369749362399999   13.792797672   3.7283883872   0.29142107936
0.3373078099999999   13.797687   3.7309616   0.2914478799999999
0.3376437587199999   13.80261707199999   3.7335532248   0.2914748236799999
0.3379828169599999   13.807588296   3.736163354399999   0.2915019638399999
0.3383250138399999   13.81260098399999   3.738792081599999   0.29152930816
0.33867037848   13.817655448   3.7414394992   0.29155686432
0.3390189399999999   13.82275199999999   3.7441057   0.29158464
0.3393707227199999   13.827891048   3.746790783199999   0.29161269216
0.33972576176   13.833072784   3.7494948336   0.29164096688
0.3400840874399999   13.838297496   3.7522179424   0.29166945952
0.34044573008   13.843565472   3.7549602008   0.29169816544
0.34081072   13.848877   3.7577217   0.29172708
0.34117908144   13.854232272   3.760502528   0.29175615184
0.3415508523199999   13.859631696   3.76330278   0.29178543472
0.34192606448   13.865075584   3.766122548   0.29181493568
0.34230474976   13.870564248   3.768961924   0.29184466176
0.34268694   13.876098   3.771821   0.2918746199999999
0.3430726606399999   13.881677152   3.7746998744   0.2919048487999999
0.34346195152   13.887302016   3.7775986312   0.291935316
0.34385484608   13.892972904   3.7805173608   0.2919660208
0.34425137776   13.898690128   3.7834561536   0.2919969624
0.34465158   13.90445399999999   3.7864151   0.2920281399999999
0.3450554807999999   13.91026483199999   3.789394296799999   0.2920595371199999
0.3454631203999999   13.91612293599999   3.7923938264   0.29209117256
0.3458745335999999   13.92202862399999   3.795413777599999   0.29212304944
0.3462897551999999   13.927982208   3.7984542392   0.29215517088
0.3467088199999999   13.93398399999999   3.8015153   0.29218754
0.3471317557599999   13.94003427999999   3.804597055199999   0.2922201644
0.3475586060799999   13.94613339999999   3.8076995856   0.2922530415999999
0.3479894075199999   13.95228167999999   3.8108229784   0.2922861735999999
0.34842419664   13.95847944   3.8139673208   0.2923195624
0.3488630099999999   13.964727   3.8171327   0.2923532099999999
0.3493058767999999   13.97102474399999   3.820319212799999   0.2923871151999999
0.3497528428   13.977372912   3.8235269344   0.292421284
0.3502039463999999   13.983771808   3.826755949599999   0.2924557191999999
0.350659226   13.990221736   3.8300063432   0.2924904235999999
0.35111872   13.99672299999999   3.833278199999999   0.2925253999999999
0.3515824607199999   14.00327583999999   3.836571604799999   0.29256065376
0.35205049416   14.00988064   3.839886642399999   0.29259618448
0.35252286024   14.01653772   3.843223397599999   0.2926319943199999
0.35299959888   14.0232474   3.8465819552   0.29266808544
0.35348075   14.03001   3.849962399999999   0.29270446
0.3539663451999999   14.036825872   3.853364832799999   0.29274111984
0.3544564348   14.043695296   3.8567893184   0.29277806752
0.3549510608   14.050618584   3.860235937599999   0.2928153052799999
0.3554502652   14.057596048   3.8637047712   0.29285283536
0.35595409   14.064628   3.8671959   0.29289066
0.35646256888   14.071714752   3.870709420799999   0.29292876224
0.35697575424   14.07885661599999   3.874245394399999   0.29296716832
0.3574936901599999   14.086053904   3.877803897599999   0.2930058852799999
0.35801642072   14.09330692799999   3.8813850072   0.29304492016
0.3585439899999999   14.10061599999999   3.884988799999999   0.2930842799999999
0.3590764350399999   14.10798146399999   3.888615349599999   0.2931240156799999
0.3596138087199999   14.11540359199999   3.8922647368   0.29316407944
0.3601561568799999   14.12288268799999   3.895937039199999   0.29320446736
0.3607035253599999   14.13041905599999   3.8996323344   0.29324517552
0.3612559599999999   14.13801299999999   3.903350699999999   0.2932862
0.3618134967199999   14.14566492   3.907092242399999   0.29332749592
0.3623761937599999   14.153375   3.910857003199999   0.29336911056
0.3629440994399999   14.16114352   3.914645052799999   0.29341105024
0.36351726208   14.16897076   3.918456461599999   0.29345332128
0.36409573   14.176857   3.922291299999999   0.29349593
0.3646795428799999   14.184802456   3.926149641599999   0.29353886992
0.36526875984   14.192807488   3.9300315528   0.29358216336
0.3658634313599999   14.200872392   3.933937103199999   0.29362581984
0.3664636079200001   14.208997464   3.9378663624   0.29366984888
0.36706934   14.217183   3.9418194   0.29371426
0.3676806691199999   14.225429424   3.945796311199999   0.2937591139199999
0.36829765696   14.233736872   3.9497971336   0.29380435616
0.36892035624   14.242105608   3.953821930399999   0.29384998344
0.36954881968   14.250535896   3.9578707648   0.2938959924799999
0.3701830999999999   14.259028   3.9619437   0.29394238
0.3708232393599999   14.26758221599999   3.966040808799999   0.29398912768
0.37146930368   14.276198768   3.9701621424   0.29403625104
0.3721213483199999   14.28487791199999   3.974307761599999   0.29408375056
0.37277942864   14.293619904   3.9784777272   0.2941316267199999
0.3734435999999999   14.30242499999999   3.982672099999999   0.29417988
0.3741139075199999   14.31129364799999   3.986890963199999   0.29422836784
0.37479041936   14.32022586399999   3.9911343496   0.29427726952
0.37547319344   14.32922185599999   3.995402314399999   0.2943266212799999
0.37616228768   14.338281832   3.9996949128   0.29437645936
0.3768577599999999   14.34740599999999   4.0040122   0.2944268199999999
0.3775596567999999   14.356594216   4.008354253599999   0.2944783791199999
0.3782680504   14.365847128   4.0127211008   0.2945303733599999
0.3789830015999999   14.375165032   4.017112791199999   0.2945826790399999
0.3797045712   14.384548224   4.0215293744   0.2946351724799999
0.38043282   14.393997   4.025970899999999   0.2946877299999999
0.3811677985599999   14.40351332   4.03043744   0.2947377453599999
0.38190958048   14.4130954   4.034929016   0.29478819808
0.3826582291199999   14.42274312   4.039445672   0.2948395851199999
0.38341380784   14.43245636   4.043987452   0.29489240344
0.3841763799999999   14.442235   4.0485544   0.2949471499999999
0.3849459961599999   14.45207319199999   4.053146579199999   0.2950137435199999
0.3857227356799999   14.461977976   4.0577640096   0.29508090376
0.3865066651199999   14.471950664   4.0624067304   0.29514677224
0.38729785104   14.48199256799999   4.0670747808   0.29520949048
0.3880963599999999   14.49210499999999   4.0717682   0.2952672
0.3889022457599999   14.50231231199999   4.0764870656   0.29528238344
0.3897155908799999   14.51258701599999   4.0812313688   0.29529775592
0.3905364651199999   14.522924664   4.0860011392   0.29532037368
0.39136493824   14.53332080799999   4.0907964064   0.29535729296
0.3922010799999999   14.543771   4.0956172   0.29541557
0.3930449479999999   14.55421840799999   4.100463699999999   0.29560551192
0.3938966272   14.564724064   4.105335748   0.29580511136
0.3947561903999999   14.57529661599999   4.110233336   0.29599561184
0.3956237104   14.585944712   4.115156456   0.29615825688
0.39649926   14.596677   4.1201051   0.29627429
0.3973828975999999   14.60755329599999   4.125078763999999   0.2961281185599999
0.398274714   14.61851828799999   4.130078059999999   0.2959470312799999
0.3991747855999999   14.62956783199999   4.135103103999999   0.29576148072
0.4000831888000001   14.64069778399999   4.140154012   0.2956019194399999
0.401   14.65190399999999   4.145230899999999   0.2954988
0.4019252808799999   14.66319251199999   4.150334725599999   0.2957236911199999
0.40285912624   14.674546456   4.155464552799999   0.29600565016
0.4038016161599999   14.685959144   4.160620287199999   0.29631485064
0.40475283072   14.697423888   4.165801834399999   0.29662146608
0.40571285   14.708934   4.1710091   0.29689567
0.4066817399999999   14.720416488   4.176241484   0.29691738344
0.4076595984   14.731947544   4.181499524   0.29689459552
0.4086465087999999   14.74353705599999   4.186783251999999   0.29684504288
0.4096425548000001   14.755194912   4.1920927   0.29678646216
0.41064782   14.766931   4.1974279   0.29673659
0.4116623713599999   14.77881584799999   4.2027890632   0.29681025648
0.41268631328   14.790783544   4.2081759976   0.29690383144
0.4137197335199999   14.802828816   4.213588690399999   0.2970107781599999
0.41476271984   14.814946392   4.2190271288   0.29712455992
0.41581536   14.827131   4.2244913   0.29723864
0.4168777254399999   14.83935131999999   4.229981239199999   0.2973133213599999
0.41794992432   14.85163464   4.2354968736   0.2973835176799999
0.4190320484799999   14.86398219999999   4.2410381784   0.29745098232
0.42012418976   14.87639523999999   4.2466051288   0.29751746864
0.4212264399999999   14.88887499999999   4.2521977   0.29758473
0.4223388740799999   14.90143023999999   4.257815911999999   0.29766338696
0.42346160504   14.9140528   4.263459683999999   0.29774410888
0.4245947289599999   14.92674203999999   4.269128979999999   0.29782643232
0.42573834192   14.93949732   4.274823764   0.29790989384
0.4268925399999999   14.952318   4.280543999999999   0.29799403
0.4280574003999999   14.965201808   4.286289706399999   0.29807599976
0.4292330428   14.978150144   4.292060779199999   0.29815831168
0.4304195679999999   14.99116277599999   4.2978571688   0.29824109672
0.4316170768   15.004239472   4.3036788256   0.29832448584
0.43282567   15.01737999999999   4.3095257   0.29840861
0.4340454304799999   15.03058483199999   4.315397803199999   0.2984942488
0.43527648144   15.043852856   4.3212950096   0.2985807224
0.4365189281599999   15.057183664   4.327217254399999   0.2986679996
0.43777287592   15.070576848   4.3331644728   0.2987560491999999
0.43903843   15.084032   4.339136599999999   0.29884484
0.4403156751999999   15.097549   4.345133628799999   0.29893415136
0.4416047424   15.11112708   4.351155422399999   0.2990241888799999
0.4429057419999999   15.12476576   4.357201901599999   0.2991149687199999
0.4442187844000001   15.13846456   4.3632729872   0.29920650704
0.44554398   15.152223   4.369368599999999   0.29929882
0.4468814177599999   15.166040856   4.375488734399999   0.2993920028
0.44823123488   15.179917328   4.3816332192   0.2994859728
0.4495935471199999   15.193851872   4.387801956799999   0.2995807264
0.45096847024   15.207843944   4.3939948496   0.29967626
0.4523561199999999   15.221893   4.4002118   0.29977257
0.4537565916799998   15.23599887999999   4.406452774399999   0.2998696128
0.45517002664   15.25016056   4.4127175952   0.2999674347999999
0.4565965457599999   15.2643774   4.4190061488   0.3000660424
0.45803626992   15.27864876   4.4253183216   0.300165442
0.4594893199999999   15.292974   4.431654   0.30026564
0.4609557931999999   15.30735276799999   4.438013156799999   0.3003666696799999
0.46243584   15.321784064   4.4443955704   0.30046850384
0.4639295871999999   15.336267176   4.4508011056   0.3005711421599999
0.4654371616   15.350801392   4.4572296272   0.3006745843199999
0.46695869   15.365386   4.463681   0.30077883
0.4684942751999999   15.380020672   4.470155165599999   0.3008838705599999
0.470044074   15.394704216   4.4766518928   0.30098971608
0.4716082191999999   15.409435824   4.4831710272   0.30109636832
0.4731868436   15.424214688   4.4897124144   0.30120382904
0.4747800799999999   15.43904   4.4962759   0.3013121
0.4763880371999999   15.453911176   4.502861412799999   0.3014211938399999
0.478010878   15.468827128   4.5094686944   0.30153109872
0.4796487411999999   15.48378699199999   4.5160975696   0.3016418136799999
0.4813017656000001   15.498789904   4.5227478632   0.3017533377599999
0.48297009   15.513835   4.5294194   0.3018656699999999
0.4846538256799999   15.528921832   4.536112103999999   0.3019788103999999
0.4863531458400001   15.544049016   4.542825675999999   0.3020927567999999
0.4880681961599999   15.559215584   4.549559915999999   0.302207508
0.4897991223200001   15.574420568   4.556314623999999   0.3023230627999999
0.49154607   15.589663   4.563089599999999   0.30243942
0.4933091583199998   15.604942104   4.569884733599999   0.30255658544
0.49508856616   15.620256672   4.5766997128   0.30267454912
0.4968844458399999   15.635605688   4.583534315199999   0.3027933080799999
0.49869694968   15.650988136   4.5903883184   0.30291285936
0.5005262299999999   15.666403   4.5972615   0.3030332
0.5023724099999998   15.68184967999999   4.604153736799999   0.3031543273599999
0.5042356784   15.69732664   4.6110646824   0.30327623808
0.5061161947999999   15.71283276   4.617994089599999   0.3033989291199999
0.5080141188000001   15.72836691999999   4.6249417112   0.30352239744
0.50992961   15.74392799999999   4.631907299999999   0.30364664
0.5118627979199998   15.75951497599999   4.638890707999999   0.30377166496
0.51381387976   15.77512660799999   4.645891564   0.30389745528
0.5157830226399999   15.790761752   4.652909595999999   0.30402400512
0.5177703936800001   15.806419264   4.659944531999999   0.30415130864
0.51977616   15.822098   4.666996099999999   0.30427936
0.5218004579999999   15.83779713599999   4.674064127199999   0.30440816488
0.5238434932   15.853515128   4.681148217599999   0.30453770304
0.5259054403999999   15.86925075199999   4.688248074399999   0.3046679657599999
0.5279864744000001   15.885002784   4.6953634008   0.3047989443199999
0.53008677   15.90077   4.7024939   0.3049306299999999
0.5322064677599999   15.91655136799999   4.7096393872   0.3050629907199999
0.5343457852800001   15.93234542399999   4.7167994256   0.3051960469599999
0.53650490592   15.94815089599999   4.7239736904   0.3053297958399999
0.5386840130400001   15.96396651199999   4.7311618568   0.3054642344799999
0.54088329   15.97979099999999   4.7383636   0.3055993599999999
0.5431028862399999   15.99562318399999   4.7455786816   0.30573521432
0.54534302752   16.01146167199999   4.7528066688   0.3058717385599999
0.5476039056799999   16.02730516799999   4.7600472152   0.3060089186399999
0.54988571256   16.043152376   4.767299974400001   0.30614674048
0.55218864   16.059002   4.7745646   0.3062851899999999
0.5545128439999998   16.07485283999999   4.7818408512   0.3064242313599999
0.5568585612000001   16.09070348   4.7891282496   0.3065638776799999
0.5592259924   16.1065526   4.796426422399999   0.30670412032
0.5616153384000002   16.12239888   4.8037349968   0.30684495064
0.5640268   16.138241   4.8110536   0.30698636
0.5664605395999999   16.154077768   4.818381958399999   0.30712835352
0.5689168060000001   16.169907704   4.825719575199999   0.30727090536
0.5713958096   16.185729456   4.833066052799999   0.3074140034399999
0.5738977608000001   16.201541672   4.8404209936   0.30755763568
0.57642287   16.217343   4.847783999999999   0.3077017899999999
0.5789713082399998   16.233132024   4.855154751199999   0.3078464594399999
0.5815433351200001   16.24890747199999   4.8625327536   0.3079916255199999
0.58413917088   16.264668008   4.8699175904   0.3081372748799999
0.5867590357600001   16.280412296   4.8773088448   0.30828339416
0.5894031499999999   16.296139   4.8847061   0.30842997
0.5920716919199998   16.311846784   4.8921090288   0.30857699224
0.59476493416   16.327534312   4.8995171024   0.30872444352
0.5974831074399998   16.34320024799999   4.9069298816   0.30887230968
0.6002264424800002   16.358843256   4.9143469272   0.30902057656
0.60299517   16.374462   4.921767799999999   0.30916923
0.6057894781599998   16.390055016   4.929192127999999   0.30931825872
0.60860965088   16.405621128   4.936619388   0.30946764496
0.6114559295199999   16.421159032   4.944049124   0.30961737384
0.6143285554400002   16.436667424   4.951480880000001   0.30976743048
0.6172277699999999   16.452145   4.9589142   0.3099178
0.6201537678399997   16.46759035999999   4.966348695199999   0.31006847296
0.62310684872   16.48300232   4.9737838256   0.3102194276799999
0.6260872656799998   16.4983796   4.9812191184   0.31037064792
0.6290952717600002   16.51372092   4.9886541008   0.31052211744
0.63213112   16.529025   4.9960883   0.3106738199999999
0.6351950167199997   16.544290272   5.003521284799999   0.3108257399999999
0.6382872733600001   16.559515816   5.0109525304   0.3109778603999999
0.6414081546399998   16.574700424   5.0183815536   0.3111301648
0.6445579252800002   16.589842888   5.025807871200001   0.3112826368
0.64773685   16.604942   5.033231   0.3114352599999999
0.6509451426399999   16.619996424   5.0406505048   0.3115880186399999
0.65418313152   16.635005112   5.0480658424   0.31174089552
0.6574510940799999   16.649966888   5.055476517599999   0.3118938740799999
0.6607493077600001   16.664880576   5.0628820352   0.31204693776
0.6640780499999999   16.679745   5.070281899999999   0.31220007
0.6674375473599998   16.6945586   5.077675623199999   0.31235326384
0.67082814088   16.70932068   5.0850627016   0.3125064907199999
0.6742501207199999   16.72403016   5.092442638399999   0.31265973168
0.6777037770400001   16.73868596   5.099814936799999   0.31281296776
0.6811893999999999   16.753287   5.107179099999999   0.3129661799999999
0.6847072237599998   16.767831976   5.114534647199999   0.3131193231999999
0.68825760848   16.782320088   5.1218810616   0.3132724111999999
0.6918408583199999   16.796750312   5.1292178424   0.3134254315999999
0.6954572774400001   16.811121624   5.136544488800001   0.3135783719999999
0.69910717   16.825433   5.1438605   0.3137312199999999
0.7027907831999997   16.83968296799999   5.1511653624   0.3138840105599999
0.7065084924000001   16.853871064   5.1584585912   0.31403667208
0.7102606159999999   16.86799637599999   5.165739688799999   0.3141891803199999
0.7140474724000002   16.88205799199999   5.1730081576   0.31434151104
0.71786938   16.89605499999999   5.180263499999999   0.31449364
0.7217265973599997   16.90998607199999   5.187505186399999   0.31464549976
0.7256195176800001   16.92385081599999   5.194732759199999   0.3147971200799999
0.7295484743199999   16.93764842399999   5.201945728799999   0.3149484875199999
0.7335138006400001   16.951378088   5.209143605599999   0.3150995886399999
0.7375158299999999   16.965039   5.216325899999999   0.3152504099999999
0.7415548330399996   16.97863016   5.223492090399998   0.3154009167199999
0.74563122152   16.992151   5.2306417272   0.3155511221599999
0.7497453444799998   17.00560076   5.237774328799999   0.31570101824
0.7538975509600002   17.01897868   5.2448894136   0.31585059688
0.75808819   17.032284   5.2519865   0.31599985
0.7623175443999998   17.04551532   5.259065032799999   0.31614886232
0.7665860460000002   17.05867268   5.2661246224   0.31629750976
0.7708940603999999   17.07175548   5.2731648056   0.31644576104
0.7752419532000003   17.08476311999999   5.2801851192   0.31659358488
0.7796300900000001   17.09769499999999   5.2871851   0.31674095
0.7840587675999998   17.110550168   5.294164214399999   0.31688770672
0.7885284376000002   17.123328464   5.301122087199999   0.31703397176
0.7930394828   17.136029376   5.308058272799999   0.3171797434399999
0.7975922860000003   17.148652392   5.314972325599999   0.31732502008
0.80218723   17.161197   5.321863799999999   0.3174698
0.8068246259199997   17.17366223999999   5.328732160799998   0.3176141480799999
0.8115049461600001   17.18604816   5.335577074399999   0.31775797944
0.8162285914399998   17.19835436   5.342398117599999   0.3179012757599999
0.8209959624800002   17.21058043999999   5.3491948672   0.3180440187199999
0.82580746   17.22272599999999   5.3559669   0.3181861899999999
0.8306634082399997   17.23479028799999   5.362713684   0.3183277495199999
0.8355643035200002   17.24677334399999   5.369434931999999   0.31846870616
0.8405105656799999   17.25867485599999   5.376130247999999   0.3186090470399999
0.8455026145600003   17.27049451199999   5.382799236   0.31874875928
0.85054087   17.282232   5.389441499999999   0.3188878299999999
0.8556256737599997   17.29388656   5.396056525599998   0.3190262091999999
0.8607575432800002   17.30545844   5.402644064799999   0.3191639303999999
0.8659369179199998   17.31694744   5.409203751199998   0.31930099
0.8711642370400003   17.32835336   5.4157352184   0.3194373844
0.87643994   17.339676   5.422238099999999   0.3195731099999999
0.8817643829599997   17.35091455199999   5.428711907999999   0.31970830688
0.8871381092800001   17.362069576   5.435156428   0.31984279184
0.8925615791199997   17.37314102399999   5.441571323999999   0.3199765253599999
0.8980352526400002   17.384128848   5.44795626   0.32010946792
0.9035595899999999   17.39503299999999   5.4543109   0.32024158
0.9091349636799995   17.40585413599999   5.4606347672   0.32037223328
0.9147619434400001   17.41659132799999   5.4669277016   0.32050212424
0.9204410113599997   17.42724435199999   5.4731894024   0.32063136056
0.9261726495200003   17.437812984   5.4794195688   0.32076004992
0.9319573399999999   17.448297   5.4856179   0.3208883
0.9377954755999996   17.45869332799999   5.491783963999999   0.3210179292
0.9436876500000001   17.469005304   5.497917624   0.3211469068
0.9496343675999998   17.479233416   5.504018611999999   0.3212749127999999
0.9556361328000002   17.489378152   5.510086659999999   0.3214016271999999
0.9616934499999999   17.49944   5.516121499999999   0.3215267299999999
0.9678067259999997   17.50942146399999   5.522122652799999   0.3216465936799999
0.9739765872000001   17.519320512   5.5280901144   0.32176503264
0.9802035623999998   17.52913712799999   5.534023669599999   0.3218825537599999
0.9864881804000004   17.538871296   5.5399231032   0.32199966392
0.9928309699999999   17.54852299999999   5.5457882   0.32211687
0.9992323652799995   17.558092672   5.551618690399999   0.32223874704
1.00569301344   17.56757973599999   5.5574144272   0.32236071672
1.012213466959999   17.576984064   5.5631752088   0.32248226888
1.01879427832   17.586305528   5.5689008336   0.32260289336
1.025436   17.595544   5.5745911   0.32272208
1.032139076639999   17.604695608   5.5802455952   0.3228360728799999
1.03890419552   17.613764904   5.5858643816   0.3229484190399999
1.045731936079999   17.62275269599999   5.591447310399999   0.3230594197599999
1.05262287776   17.631659792   5.5969942328   0.3231693763199999
1.0595776   17.640487   5.602504999999999   0.3232785899999999
1.066596567999999   17.649238008   5.607979315999999   0.3233890340799999
1.073680504   17.657910024   5.613417216   0.32349891984
1.080830015999999   17.66650313599999   5.618818587999999   0.3236081305599999
1.088045712   17.675017432   5.62418332   0.32371654952
1.0953282   17.683453   5.629511299999999   0.32382406
1.102677985599999   17.691808328   5.6348022752   0.32392995136
1.1100958048   17.700085504   5.6400563096   0.32403484928
1.117582291199999   17.708285016   5.6452733264   0.32413878552
1.1251380784   17.716407352   5.6504532488   0.32424179184
1.1327638   17.724453   5.655596000000001   0.3243439
