1002
0.                       0.                     0.                      0.14578
0.009445816579784804	43.81142002109744	6.281504161673043	0.14578061876808066
0.009498122747177271	43.63264612358436	6.255873404424	0.145780618771163
0.009550718559739546	43.45460171866516	6.230347250003133	0.14578061877430135
0.009603605621380483	43.27728382962202	6.204925271853416	0.14578061877749668
0.009656785544890552	43.10068949188371	6.179607045016391	0.1457806187807501
0.009710259951991066	42.92481575297603	6.154392146349201	0.14578061878406262
0.009764030473383593	42.74965967247249	6.129280154515807	0.1457806187874353
0.009818098748799707	42.57521832194504	6.104270649780937	0.1457806187908693
0.009872466427051	42.401488784915216	6.07936321422598	0.14578061879436566
0.00992713516607934	42.228468156805356	6.0545574315095845	0.14578061879792556
0.00998210663300744	42.056153544889945	6.029852887200326	0.14578061880155013
0.010037382504189708	41.88454206824739	6.005249168317755	0.14578061880524057
0.010092964465263345	41.713630857711756	5.980745863768833	0.14578061880899804
0.010148854211199774	41.54341705582487	5.956342564058355	0.14578061881282378
0.010205053446356301	41.373897816788435	5.932038861310869	0.14578061881671905
0.010261563884528103	41.20507030641668	5.907834349403345	0.14578061882068508
0.01031838724900051	41.036931702088594	5.88372862389015	0.14578061882472318
0.010375525272601509	40.86947919270117	5.859721281893296	0.14578061882883464
0.01043297969775464	40.70270997862203	5.835811922245108	0.14578061883302082
0.010490752276532091	40.53662127164291	5.812000145378267	0.14578061883728305
0.010548844770708133	40.37121029493293	5.788285553405701	0.14578061884162274
0.010607258951812883	40.20647428299197	5.7646677500479475	0.14578061884604127
0.010665996601186275	40.042410481604826	5.7411463406447485	0.14578061885054008
0.0107250595100324	39.87901614779491	5.71772093210743	0.14578061885512067
0.010784449479474163	39.716288549778334	5.694391133025863	0.14578061885978444
0.010844168320608147	39.55422496691848	5.6711565535780855	0.145780618864533
0.0109042178545599	39.39282268968026	5.6480168054670825	0.14578061886936783
0.010964599912539423	39.23207901958503	5.624971502112154	0.1457806188742905
0.011025316335897045	39.071991269165274	5.602020258367422	0.14578061887930263
0.01108636897617957	38.91255676191987	5.579162690766155	0.14578061888440583
0.011147759695186719	38.753772832269185	5.556398417408311	0.14578061888960178
0.01120949036502794	38.59563682551057	5.5337270578609035	0.14578061889489213
0.011271562868179461	38.438146097773966	5.511148233381042	0.14578061890027863
0.011333979097541715	38.281298015977825	5.488661566693758	0.145780618905763
0.011396740956497084	38.12508995778475	5.466266682054469	0.14578061891134705
0.011459850358967896	37.96951931155808	5.443963205323318	0.14578061891703256
0.01152330922947482	37.81458347631798	5.4217507638540186	0.1457806189228214
0.01158711950319557	37.660279861697866	5.399628986502766	0.1457806189287154
0.011651283126023867	37.50660588790141	5.377597503675855	0.14578061893471655
0.01171580205462884	37.35355898565908	5.355655947287033	0.14578061894082675
0.011780678256514647	37.20113659618537	5.333803950781292	0.145780618947048
0.011845913710080485	37.04933617113609	5.312041149040434	0.14578061895338232
0.011911510404680952	36.89815517256549	5.290367178520709	0.14578061895983171
0.011977470340686663	36.74759107288404	5.268781677092843	0.14578061896639835
0.012043795529545298	36.597641354816204	5.24728428416017	0.14578061897308434
0.012110487993842905	36.448303511358105	5.225874640592511	0.1457806189798918
0.012177549767365587	36.29957504573599	5.2045523887043625	0.145780618986823
0.012244982895161556	36.151453471364064	5.183317172343239	0.14578061899388017
0.012312789433603444	36.00393631180325	5.1621686367259985	0.14578061900106562
0.012380971450451039	35.85702110071963	5.14110642856042	0.14578061900838163
0.01244953102491436	35.710705381843205	5.120130196055792	0.14578061901583064
0.012518470247717016	35.56498670892691	5.099239588766619	0.14578061902341502
0.012587791221160015	35.419862645705614	5.078434257762347	0.14578061903113726
0.012657496059185824	35.27533076585555	5.057713855480127	0.14578061903899986
0.012727586887442863	35.13138865295353	5.037078035861801	0.14578061904700537
0.012798065843350337	34.988033900436704	5.0165264541639205	0.14578061905515638
0.012868935076163374	34.84526411156231	4.996058767143128	0.14578061906345555
0.012940196747038621	34.703076899367474	4.975674632936078	0.1457806190719056
0.013011853029100101	34.56146988662949	4.955373711049175	0.1457806190805092
0.013083906107505493	34.42044070582602	4.935155662439336	0.1457806190892692
0.013156358179512814	34.27998699909531	4.91502014938742	0.14578061909818846
0.013229211454547342	34.140106418197135	4.894966835651864	0.14578061910726983
0.013302468154269076	34.00079662447319	4.874995386264619	0.1457806191165163
0.013376130512640425	33.86205528880822	4.855105467705701	0.14578061912593085
0.013450200775994355	33.723880091590964	4.8352967478127065	0.14578061913551654
0.013524681203102908	33.58626872267543	4.815568895747319	0.14578061914527649
0.013599574065246053	33.4492188813422	4.795921582057563	0.14578061915521384
0.01367488164628095	33.312728276260124	4.776354478657669	0.1457806191653319
0.01375060624271164	33.17679462544778	4.756867258781962	0.14578061917563387
0.01382675016375902	33.04141565623549	4.73745959700668	0.14578061918612312
0.013903315731431285	32.90658910522735	4.718131169266608	0.14578061919680307
0.013980305280594763	32.77231271826319	4.698881652790707	0.1457806192076772
0.01405772115904507	32.638584250381065	4.6797107261681195	0.14578061921874905
0.014135565727578748	32.5054014657797	4.660618069296715	0.1457806192300222
0.014213841360065229	32.37276213778105	4.641603363366902	0.1457806192415003
0.014292550443519228	32.24066404879314	4.622666290926826	0.14578061925318708
0.014371695378173571	32.109104990272854	4.60380653576342	0.14578061926508637
0.01445127857755233	31.97808276268921	4.585023783011312	0.145780619277202
0.014531302468544489	31.84759517548638	4.5663177190869755	0.14578061928953798
0.014611769491477888	31.71764004704732	4.547688031705971	0.14578061930209824
0.014692682100193682	31.588215204657	4.529134409823355	0.1457806193148869
0.014774042762121182	31.459318484466237	4.51065654371896	0.1457806193279081
0.014855853958353035	31.330947731455634	4.492254124937663	0.1457806193411661
0.014938118183720976	31.203100799399248	4.473926846261285	0.14578061935466516
0.015020837946871824	31.07577555082899	4.455674401783004	0.14578061936840975
0.015104015770344021	30.948969856998772	4.437496486806455	0.14578061938240428
0.015187654190644584	30.822681597848852	4.4193927979209695	0.1457806193966533
0.015271755758326388	30.696908661970525	4.4013630329452305	0.14578061941116147
0.015356323038066014	30.571648946570747	4.383406890968375	0.1457806194259335
0.015441358608741913	30.44690035743694	4.365524072264037	0.14578061944097423
0.015526865063513053	30.32266080890213	4.347714278403452	0.14578061945628848
0.015612845009898044	30.19892822380983	4.329977212137717	0.14578061947188128
0.015699301069854583	30.0757005334796	4.312312577460839	0.1457806194877577
0.015786235879859455	29.952975677672214	4.294720079588713	0.1457806195039229
0.01587365209098894	29.83075160455536	4.277199424943685	0.14578061952038215
0.015961552368999626	29.709026270669305	4.259750321150201	0.14578061953714078
0.016049939394409712	29.587797640892664	4.242372477054368	0.1457806195542043
0.01613881586258077	29.46706368840854	4.225065602686753	0.14578061957157817
0.01622818448379991	29.346822394670387	4.207829409279899	0.14578061958926813
0.016318047983362467	29.22707174936846	4.190663609250647	0.14578061960727992
0.016408409101655058	29.1078097503962	4.173567916220041	0.1457806196256194
0.016499270594239182	28.9890344038167	4.1565420449562795	0.1457806196442925
0.016590635231935283	28.87074372382927	4.139585711428215	0.14578061966330538
0.016682505800907167	28.752935732736425	4.122698632776369	0.14578061968266418
0.01677488510274704	28.635608460910756	4.105880527289032	0.1457806197023752
0.0168677759545609	28.518759946761907	4.089131114436423	0.14578061972244488
0.01696118118905444	28.40238823670398	4.07245011483613	0.14578061974287976
0.017055103654619493	28.286491385122584	4.055837250257327	0.14578061976368648
0.017149546215420797	28.171067454342595	4.039292243630006	0.14578061978487183
0.017244511751483435	28.05611451459559	4.022814819011174	0.14578061980644272
0.01734000315878059	27.941630643987608	4.0064047016120305	0.14578061982840618
0.017436023349321875	27.827613928467066	3.9900616177588972	0.14578061985076934
0.01753257525124218	27.714062461792718	3.9737852949384083	0.14578061987353955
0.017629661808890893	27.600974345501825	3.95757546173745	0.14578061989672417
0.01772728598292174	27.488347688878335	3.941431847873334	0.14578061992033076
0.017825450750383057	27.37618060892135	3.925354184187384	0.14578061994436706
0.01792415910480855	27.26447123031364	3.9093422026157363	0.1457806199688409
0.018023414056308643	27.1532176853902	3.893395636229212	0.14578061999376024
0.018123218631662195	27.04241811410719	3.8775142191838263	0.1457806200191332
0.018223575874408857	26.932070664010656	3.8616976867355337	0.1457806200449681
0.018324488844941877	26.82217349020565	3.8459457752479222	0.14578062007127335
0.018425960620601395	26.712724755325404	3.830258222167036	0.1457806200980575
0.01852799429576832	26.603722629500595	3.8146347660280573	0.14578062012532933
0.018630592981958686	26.495165290328696	3.7990751464543564	0.14578062015309773
0.018733759807918516	26.387050922843603	3.7835791041340503	0.14578062018137178
0.01883749791971928	26.27937771948518	3.768146380846713	0.14578062021016067
0.018941810480853773	26.172143880069157	3.7527767194345754	0.14578062023947386
0.01904670067233264	26.065347611756916	3.7374698638095416	0.14578062026932084
0.019152171692781345	25.958987129025655	3.72222555893444	0.14578062029971145
0.019258226758537726	25.853060653638344	3.707043550849599	0.14578062033065556
0.019364869103750095	25.74756641461421	3.6919235866318387	0.14578062036216327
0.01947210198047582	25.642502648198963	3.676865414419044	0.14578062039424491
0.019579928658780547	25.537867597835366	3.661868783388889	0.14578062042691098
0.01968835242683788	25.43365951413393	3.6469334437638627	0.1457806204601721
0.01979737659102967	25.329876654843524	3.632059146803544	0.1457806204940392
0.019907004476046854	25.226517284822393	3.6172456448090333	0.1457806205285233
0.020017239424990823	25.123579676009058	3.6024926910970447	0.14578062056363572
0.020128084799475365	25.021062107393448	3.58780004001815	0.1457806205993879
0.02023954397972922	24.918962864988128	3.573167446953466	0.14578062063579159
0.0203516203646991	24.817280241799647	3.558594668284381	0.14578062067285866
0.020464317372153387	24.716012537800005	3.5440814614238376	0.14578062071060127
0.020577638438786336	24.6151580598982	3.5296275847882312	0.14578062074903173
0.020691587020322862	24.514715121911966	3.5152327977964015	0.14578062078816267
0.020806166591623987	24.41468204453952	3.500896860877688	0.14578062082800686
0.020921380646792706	24.315057155331587	3.486619535456395	0.14578062086857738
0.021037232699280636	24.215838788663294	3.4724005839570102	0.1457806209098875
0.021153726281995106	24.11702528570645	3.4582397697887695	0.14578062095195077
0.021270864947406876	24.018614994401805	3.444136857354497	0.14578062099478095
0.021388652267658535	23.9206062694313	3.43009161204046	0.14578062103839207
0.021507091834673385	23.8229974721907	3.416103800209173	0.14578062108279846
0.02162618726026496	23.725786970762165	3.4021731892029754	0.14578062112801468
0.02174594217624725	23.628973139886888	3.388299547342192	0.14578062117405552
0.021866360234545343	23.532554360938047	3.3744826439094076	0.14578062122093613
0.021987445107306876	23.43652902189363	3.360722249155929	0.14578062126867186
0.02210920048701399	23.340895517309566	3.3470181342947387	0.14578062131727837
0.022231630086595903	23.24565224829282	3.3333700715006227	0.14578062136677164
0.0223547376395422	23.150797622474716	3.319777833900918	0.14578062141716788
0.02247852690001661	23.056330053984308	3.3062411955740822	0.1457806214684837
0.022603001642971556	22.962247963421746	3.292759931548547	0.1457806215207359
0.02272816566426323	22.868549777832115	3.2793338177958287	0.14578062157394167
0.02285402278076736	22.775233930678876	3.265962631231121	0.1457806216281185
0.022980576830495605	22.68229886181787	3.2526461497043293	0.14578062168328418
0.023107831672712614	22.589743017471108	3.2393841520027267	0.14578062173945688
0.02323579118805366	22.49756485020087	3.2261764178423595	0.14578062179665505
0.023364459278643078	22.40576281888374	3.2130227278686476	0.1457806218548975
0.023493839868213125	22.314335388685045	3.1999228636465102	0.14578062191420343
0.02362393690222376	22.223281031032915	3.186876607668354	0.14578062197459235
0.0237547543479829	22.132598223592904	3.1738837433385254	0.14578062203608413
0.023886296194767377	22.04228545024257	3.1609440549772256	0.14578062209869902
0.024018566453944696	21.952341201045932	3.148057327817134	0.14578062216245768
0.024151569159095217	21.862763972228482	3.1352233479971128	0.14578062222738108
0.02428530836613528	21.773552266151814	3.122441902559428	0.14578062229349065
0.024419788153440834	21.68470459128872	3.109712779448359	0.1457806223608082
0.024555012621971795	21.596219462198242	3.097035767504964	0.14578062242935588
0.02469098589539716	21.508095399500764	3.084410656467323	0.14578062249915638
0.02482771212022071	21.420330929853346	3.0718372369604	0.1457806225702327
0.02496519546590745	21.332924585925085	3.0593153005012637	0.14578062264260833
0.02510344012501083	21.245874906372535	3.0468446394914985	0.14578062271630712
0.02524245031330049	21.15918043581537	3.034425047212236	0.14578062279135348
0.025382230269890914	21.072839724811907	3.022056317826283	0.1457806228677722
0.02552278425737066	20.986851329834995	3.0097382463713944	0.14578062294558855
0.025664116561932314	20.901213813247892	2.9974706287558126	0.14578062302482828
0.0258062314935033	20.81592574328008	2.9852532617615686	0.14578062310551756
0.025949133385877184	20.7309856940035	2.9730859430316663	0.14578062318768317
0.02609282659684592	20.646392245308633	2.960968471078026	0.14578062327135224
0.026237315508332734	20.562143982880702	2.948900645271057	0.14578062335655256
0.0263826045265257	20.478239498176155	2.936882265837349	0.14578062344331236
0.026528698082012147	20.39467738839902	2.9249131338602448	0.14578062353166035
0.026675600629913785	20.311456256477477	2.9129930512734115	0.14578062362162586
0.026823316650022497	20.228574711040515	2.901121820859745	0.14578062371323877
0.026971850646937055	20.146031366394617	2.889299246248799	0.14578062380652945
0.027121207150200357	20.063824842500708	2.8775251319124058	0.1457806239015289
0.027271390714437675	19.98195376495093	2.8657992831619676	0.14578062399826872
0.027422405919495494	19.90041676494576	2.8541215061486236	0.145780624096781
0.027574257370581137	19.819212479271144	2.842491607855317	0.14578062419709856
0.027726949698403298	19.73833955027564	2.8309093960973932	0.14578062429925473
0.027880487559313164	19.657796625847716	2.819374679520504	0.14578062440328354
0.02803487563544646	19.57758235939321	2.8078872675953432	0.14578062450921966
0.02819011863486621	19.497695409812806	2.796446970616084	0.14578062461709834
0.028346221291706317	19.41813444147951	2.7850535996994226	0.14578062472695555
0.028503188366315928	19.338898124216474	2.7737069667773633	0.14578062483882798
0.02866102464540462	19.259985133274625	2.7624068845996814	0.1457806249527529
0.028819734942188313	19.181394149310606	2.7511531667267155	0.14578062506876838
0.028979324096536144	19.103123858364654	2.739945627532135	0.14578062518691318
0.02913979697511796	19.025172951838666	2.7287840821931746	0.1457806253072268
0.02930115847155278	18.947540126474358	2.717668346695923	0.14578062542974943
0.029463413506558032	18.870224084331383	2.7065982378257467	0.14578062555452212
0.02962656702809957	18.793223532765683	2.6955735731704484	0.14578062568158662
0.029790624011542623	18.71653718440791	2.6845941711126002	0.14578062581098553
0.029955589459803447	18.64016375714182	2.6736598508313922	0.14578062594276217
0.030121468403501935	18.564101974082952	2.6627704322972314	0.1457806260769608
0.03028826590111504	18.48835056355713	2.6519257362719673	0.14578062621362642
0.03045598703913096	18.412908259079366	2.641125584302537	0.14578062635280495
0.03062463693220434	18.337773799332545	2.630369798723322	0.14578062649454315
0.0307942207233122	18.262945928146422	2.619658202649415	0.14578062663888872
0.03096474358391073	18.188423394476597	2.6089906199770354	0.14578062678589018
0.031136210714093112	18.114204952383574	2.5983668753806604	0.14578062693559704
0.03130862734274793	18.040289361012007	2.587786794308792	0.14578062708805978
0.0314819987277188	17.96667538456981	2.5772502029843203	0.1457806272433298
0.031656330155964564	17.893361792307704	2.5667569284012193	0.14578062740145947
0.03183162694372059	17.820347358498392	2.5563067983213625	0.1457806275625022
0.03200789443666091	17.747630862416283	2.5458996412731807	0.14578062772651243
0.032185138010061155	17.675211088316978	2.535535286549828	0.1457806278935456
0.032363363068962536	17.603086825416963	2.5252135642058193	0.14578062806365824
0.03254257504833667	17.53125686787336	2.5149343050559207	0.14578062823690802
0.032722779413251295	17.45972001476375	2.5046973406719526	0.1457806284133536
0.03290398165903693	17.388475070066146	2.494502503381536	0.14578062859305488
0.03308618731145447	17.31752084263898	2.484349626266069	0.14578062877607287
0.0332694019268637	17.246856146201115	2.474238543156949	0.14578062896246977
0.033453631092392695	17.176479799312133	2.464169088636923	0.14578062915230894
0.03363888042610824	17.106390625352493	2.4541410980336704	0.14578062934565506
0.03382515557718715	17.036587452503902	2.4441544074212436	0.14578062954257393
0.034012462226088516	16.96706911372968	2.4342088536161364	0.14578062974313274
0.03420080608472697	16.897834446755297	2.424304274177172	0.14578062994739996
0.0343901928966468	16.828882294048938	2.4144405074011153	0.14578063015544535
0.03458062843719718	16.76021150280211	2.404617392322159	0.14578063036734004
0.03477211851370826	16.69182092491041	2.3948347687109948	0.14578063058315657
0.034964668965668244	16.623709416954277	2.385092477070078	0.1457806308029689
0.035158285664901465	16.555875840179937	2.375390358634559	0.1457806310268524
0.03535297451574746	16.488319060480357	2.3657282553693006	0.14578063125488394
0.03554874145524104	16.421037948376213	2.3561060099667563	0.14578063148714185
0.03574559245329331	16.354031378997092	2.346523465845847	0.14578063172370606
0.035943533512873715	16.28729823206265	2.336980467149532	0.14578063196465804
0.03614257067019313	16.22083739186388	2.3274768587440904	0.14578063221008083
0.03634270999488793	16.154647747244447	2.3180124862158413	0.14578063246005918
0.03654395759020506	16.08872819158213	2.3085871958714823	0.1457806327146794
0.036746319593188186	16.02307762277033	2.2992008347338757	0.1457806329740296
0.036949802174864786	15.957694943199625	2.2898532505430933	0.14578063323819962
0.03715441154043442	15.892579059739413	2.2805442917530954	0.14578063350728102
0.037360153929457886	15.827728883719647	2.2712738075302115	0.14578063378136719
0.03756703561604755	15.763143330912632	2.262041647752548	0.14578063406055342
0.03777506290905861	15.698821321514918	2.25284766300766	0.14578063434493688
0.03798424215228155	15.634761780129205	2.2436917045910794	0.1457806346346166
0.038194579724635545	15.57096363574639	2.2345736245052374	0.1457806349296937
0.03840608204036305	15.507425821727658	2.2254932754572683	0.14578063523027124
0.03861875554922528	15.444147275786673	2.216450510858529	0.14578063553645437
0.03883260673669905	15.381126939971756	2.207445184822864	0.1457806358483503
0.03904764212417444	15.318363760648232	2.1984771521646342	0.14578063616606846
0.0392638682691537	15.255856688480863	2.189546268398183	0.14578063648972045
0.03948129176545124	15.193604678416197	2.1806523897359327	0.14578063681942008
0.03969991924339465	15.13160668966519	2.1717953730871606	0.1457806371552835
0.039919757370026954	15.069861685685792	2.1629750760576303	0.14578063749742917
0.040140812849309905	15.008368634165532	2.1541913569466655	0.14578063784597803
0.04036309242232841	14.947126507004374	2.1454440747474255	0.14578063820105336
0.040586602867496074	14.886134280297467	2.1367330891451837	0.14578063856278098
0.04081135100076196	14.825390934318051	2.1280582605161555	0.14578063893128929
0.04103734367581845	14.764895453500332	2.1194194499262236	0.14578063930670931
0.04126458778431017	14.704646826422636	2.110816519130135	0.1457806396891747
0.0414930902560442	14.644644045790399	2.102249330570452	0.1457806400788219
0.04172285805920142	14.584886108419358	2.0937177473762127	0.1457806404757901
0.041953898200548984	14.525372015218748	2.085221633362177	0.14578064088022136
0.04218621772565395	14.46610077117468	2.076760853027708	0.14578064129226068
0.042419823719098235	14.407071385333396	2.068335271556035	0.14578064171205604
0.04265472330469451	14.348282870784805	2.0599447548132046	0.14578064213975844
0.04289092364570361	14.289734244645881	2.051589169347315	0.1457806425755221
0.04312843194505285	14.231424528044343	2.0432683823873634	0.14578064301950433
0.04336725544555575	14.173352746102173	2.0349822618426945	0.14578064347186578
0.043607401430132836	14.115517927919424	2.0267306763023125	0.1457806439327704
0.0438488772220338	14.057919106557913	2.0185134950339925	0.14578064440238564
0.044091690185060824	14.000555319025056	2.010330587983271	0.14578064488088233
0.04433584772379307	13.943425606257833	2.0021818257735755	0.14578064536843502
0.04458135728381253	13.886529013106696	1.9940670797046736	0.1457806458652218
0.044828226351931094	13.829864588319593	1.9859862217526565	0.14578064637142463
0.04507646245641881	13.773431384526136	1.9779391245688203	0.14578064688722922
0.045326073167233534	13.717228458221644	1.9699256614800675	0.14578064741282523
0.045577066096251694	13.661254869751495	1.9619457064870933	0.14578064794840642
0.04582944889750044	13.605509683295342	1.9539991342652916	0.14578064849417055
0.046083229267391085	13.54999196685148	1.9460858201632654	0.14578064905031968
0.04633841494495378	13.494700792221256	1.938205640202734	0.14578064961706017
0.046595013712073564	13.439635234993553	1.9303584710786192	0.1457806501946028
0.04685303339372753	13.384794374529394	1.9225441901579676	0.14578065078316282
0.04711248185822363	13.330177293946457	1.9147626754803655	0.14578065138296026
0.047373367017440514	13.275783080103775	1.9070138057571238	0.14578065199421975
0.047635696827068835	13.221610823586511	1.8992974603715338	0.14578065261717085
0.047899479286853806	13.167659618690728	1.8916135193783774	0.14578065325204814
0.04816472244083924	13.113928563408216	1.8839618635038582	0.14578065389909126
0.048431434377612784	13.060416759411464	1.8763423741458112	0.14578065455854503
0.048699623230552616	13.007123312038596	1.86875493337308	0.14578065523065975
0.04896929717807546	12.95404733027844	1.8611994239260892	0.14578065591569114
0.04924046444388595	12.90118792675563	1.8536757292165333	0.14578065661390055
0.04951313329722751	12.848544217715745	1.846183733327566	0.14578065732555515
0.0497873120531344	12.796115323010586	1.8387233210140401	0.14578065805092796
0.05006300907268541	12.743900366083375	1.8312943777023	0.1457806587902981
0.050340232763258705	12.691898473954202	1.8238967894907692	0.14578065954395092
0.0506189915787883	12.640108777205352	1.8165304431501534	0.14578066031217815
0.05089929402002182	12.588530409966811	1.8091952261234656	0.145780661095278
0.05118114863477978	12.537162509901762	1.8018910265267396	0.14578066189355546
0.051464564018216155	12.48600421819219	1.7946177331490978	0.14578066270732237
0.05174954881308058	12.43505467952451	1.7873752354534957	0.14578066353689764
0.05203611170998187	12.384313042075286	1.7801634235768116	0.1457806643826074
0.05232426144765307	12.333778457496932	1.772982188330865	0.1457806652447852
0.0526140068132179	12.28345008090362	1.7658314212025539	0.14578066612377227
0.052905356642458726	12.233327070857085	1.7587110143548879	0.1457806670199176
0.05319831982008603	12.18340858935258	1.7516208606271755	0.14578066793357825
0.053492905280009335	12.133693801804869	1.7445608535363257	0.1457806688651195
0.0537891220056097	12.08418187703424	1.7375308872772615	0.14578066981491514
0.054086979030013534	12.034871987252677	1.7305308567238369	0.14578067078334755
0.05438648543636819	11.985763308049947	1.7235606574296862	0.1457806717708082
0.05468765035811889	11.936855018379873	1.7166201856293657	0.14578067277769755
0.05499048297928733	11.888146300546554	1.7097093382392132	0.14578067380442555
0.055294992534751564	11.83963634019077	1.7028280128582933	0.14578067485141186
0.05560118831052785	11.791324326276271	1.695976107769764	0.14578067591908603
0.05590907964405368	11.743209451076291	1.6891535219418585	0.1457806770078878
0.05621867592447258	11.695290910160008	1.6823601550291993	0.14578067811826742
0.056529986592920384	11.647567902379127	1.6755959073740752	0.14578067925068597
0.056843021142813206	11.600039629854429	1.6688606800077153	0.1457806804056155
0.05715778912013687	11.552705297962511	1.6621543746517968	0.1457806815835396
0.05747430012373812	11.505564115322413	1.6554768937200137	0.14578068278495343
0.05779256380561724	11.458615293782447	1.648828140319322	0.1457806840103643
0.058112589871222364	11.411858048407023	1.6422080182517445	0.14578068526029184
0.058434388079745596	11.365291597463472	1.635616432016105	0.1457806865352685
0.05875796824442046	11.318915162409038	1.629053286809492	0.14578068783583972
0.05908334023282126	11.272727967877813	1.622518488529399	0.1457806891625646
0.0594105139671639	11.226729241667805	1.6160119437752838	0.14578069051601591
0.05973949942460855	11.180918214728015	1.6095335598506442	0.14578069189678092
0.060070306637563846	11.135294121145584	1.603083244765103	0.1457806933054614
0.06040294569399285	11.08985619813298	1.5966609072363191	0.1457806947426744
0.06073742673772067	11.044603686015245	1.5902664566923193	0.14578069620905248
0.06107375996874378	10.999535828217322	1.5838998032735292	0.1457806977052443
0.06141195564354113	10.954651871251345	1.577560857835233	0.14578069923191497
0.061752024075386824	10.909951064704124	1.5712495319499362	0.1457807007897467
0.06209397563466477	10.865432661224503	1.5649657379097375	0.1457807023794392
0.06243782074918469	10.821095916510968	1.5587093887289731	0.14578070400171023
0.06278356990450037	10.77694008929912	1.552480398146685	0.1457807056572962
0.06313123364422926	10.73296444134932	1.5462786806295241	0.14578070734695275
0.06348082257037409	10.68916823743433	1.540104151374383	0.1457807090714552
0.06383234734364604	10.645550745327043	1.5339567263113478	0.14578071083159938
0.06418581868379	10.602111235788238	1.5278363221066245	0.14578071262820208
0.0645412473699114	10.558848982554348	1.5217428561655633	0.14578071446210183
0.0648986442408049	10.515763262325372	1.5156762466358276	0.1457807163341595
0.06525802019528495	10.472853354752745	1.509636412410677	0.14578071824525907
0.06561938619251809	10.430118542427325	1.5036232731321295	0.1457807201963083
0.06598275325235727	10.387558110867355	1.497636749194569	0.14578072218823965
0.06634813245567778	10.345171348506556	1.4916767617481757	0.1457807242220108
0.06671553494471524	10.302957546682217	1.4857432327024658	0.1457807262986057
0.06708497192340528	10.260915999623375	1.4798360847301815	0.1457807284190354
0.06745645465772535	10.219046004438933	1.4739552412709187	0.1457807305843388
0.06782999447603817	10.177346861106004	1.468100626535192	0.14578073279558368
0.06820560276943725	10.135817872458151	1.4622721655084439	0.14578073505386765
0.06858329099209416	10.09445834417376	1.4564697839550886	0.1457807373603191
0.06896307066160794	10.053267584764411	1.4506934084229164	0.14578073971609828
0.0693449533593563	10.012244905563305	1.444942966247284	0.14578074212239828
0.06972895073084874	9.971389620713806	1.4392183855557232	0.1457807445804463
0.07011507448608176	9.930701047157914	1.4335195952725563	0.1457807470915046
0.07050333639989582	9.890178504624888	1.4278465251234396	0.14578074965687188
0.07089374831233465	9.849821315619824	1.4221991056404326	0.1457807522778845
0.07128632212900606	9.809628805412375	1.4165772681667894	0.1457807549559177
0.07168106982144515	9.769600302025463	1.4109809448621358	0.14578075769238696
0.07207800342747933	9.729735136224006	1.4054100687076614	0.14578076048874958
0.07247713505159543	9.690032641503793	1.3998645735114976	0.14578076334650591
0.07287847686530882	9.650492154080286	1.3943443939142248	0.14578076626720105
0.07328204110753463	9.611113012877528	1.3888494653944687	0.14578076925242636
0.07368784008496082	9.571894559517117	1.3833797242746573	0.1457807723038211
0.07409588617242369	9.532836138307195	1.3779351077270208	0.14578077542307435
0.07450619181328508	9.493937096231448	1.3725155537795746	0.14578077861192645
0.0749187695198119	9.45519678293825	1.36712100132239	0.14578078187217122
0.07533363187355772	9.416614550729733	1.3617513901139373	0.14578078520565774
0.07575079152574635	9.37818975455098	1.3564066607876224	0.14578078861429244
0.07617026119765771	9.339921751979258	1.3510867548585197	0.1457807921000412
0.07659205368101579	9.301809903213245	1.3457916147301243	0.14578079566493157
0.07701618183837869	9.263853571062347	1.3405211837015019	0.1457807993110552
0.07744265860353078	9.226052120936066	1.3352754059743837	0.14578080304057
0.0778714969818773	9.188404920833351	1.3300542266606175	0.14578080685570297
0.07830271005084084	9.15091134133206	1.3248575917896237	0.1457808107587526
0.07873631096026017	9.11357075557842	1.3196854483162535	0.14578081475209173
0.07917231293279121	9.076382539276565	1.3145377441286032	0.14578081883817046
0.07961072926431026	9.039346070678093	1.3094144280562021	0.145780823019519
0.08005157332431953	9.002460730571638	1.3043154498782987	0.14578082729875103
0.08049485855635473	8.965725902272593	1.2992407603323655	0.14578083167856676
0.08094059847839517	8.929140971612698	1.2941903111228292	0.14578083616175655
0.0813888066832758	8.892705326929873	1.2891640549300414	0.14578084075120437
0.08183949683910194	8.856418359057914	1.2841619454193685	0.1457808454498917
0.08229268268966591	8.820279461316348	1.279183937250563	0.1457808502609013
0.08274837805486628	8.784288029500296	1.274229986087442	0.1457808551874214
0.08320659683112916	8.748443461870327	1.2693000486076058	0.14578086023275008
0.08366735299183214	8.71274515914245	1.2643940825125768	0.14578086540029972
0.0841306605877303	8.677192524478068	1.2595120465380751	0.1457808706936017
0.08459653374738473	8.641784963473985	1.254653900464585	0.14578087611631146
0.08506498667759332	8.606521884152516	1.2498196051281896	0.1457808816722136
0.08553603366382403	8.571402696951548	1.2450091224316073	0.14578088736522735
0.08600968907065064	8.536426814714671	1.2402224153555426	0.14578089319941237
0.08648596734219056	8.501593652681425	1.2354594479703367	0.1457808991789747
0.08696488300254558	8.466902628477452	1.2307201854478127	0.14578090530827298
0.08744645065624448	8.43235316210481	1.2260045940735074	0.14578091159182519
0.08793068498868867	8.397944675932253	1.2213126412591333	0.14578091803431548
0.08841760076659985	8.363676594685572	1.2166442955553582	0.14578092464060152
0.08890721283847045	8.329548345437983	1.2119995266649282	0.14578093141572218
0.08939953613501622	8.295559357600554	1.2073783054560523	0.14578093836490552
0.08989458566963182	8.261709062912656	1.2027806039761588	0.14578094549357726
0.09039237653884845	8.227996895432478	1.198206395465973	0.14578095280736966
0.09089292392279429	8.194422291527523	1.193655654373948	0.14578096031213103
0.09139624308565746	8.160984689865241	1.1891283563710324	0.1457809680139353
0.09190234937615137	8.127683531403605	1.1846244783657887	0.1457809759190927
0.0924112582279829	8.09451825938179	1.1801439985199613	0.14578098403416043
0.09292298516032306	8.061488319310833	1.1756868962642957	0.14578099236595427
0.09343754577828016	8.02859315896439	1.1712531523148917	0.14578100092156068
0.09395495577337568	7.9958322283695	1.1668427486898523	0.14578100970834962
0.09447523092402292	7.963204979797372	1.1624556687263783	0.1457810187339878
0.09499838709600801	7.930710867754252	1.1580918970983318	0.14578102800645318
0.09552444024297387	7.898349348972275	1.1537514198341698	0.1457810375340497
0.09605340640690654	7.8661198824004135	1.1494342243353646	0.14578104732542316
0.09658530171862456	7.834021929195421	1.1451402993952715	0.14578105738957797
0.09712014239827083	7.802054952712786	1.1408696352184873	0.1457810677358947
0.09765794475580712	7.77021841849783	1.136622223440664	0.14578107837414866
0.0981987251915117	7.738511794276705	1.132398057148852	0.14578108931452965
0.09874250019647911	7.706934549947544	1.1281971309023462	0.14578110056766272
0.09928928635312338	7.675486157571567	1.124019440754038	0.14578111214463016
0.09983910033568359	7.644166091364264	1.1198649842723738	0.14578112405699475
0.10039195891073233	7.612973827686612	1.1157337605637943	0.14578113631682446
0.10094787893768692	7.581908845036305	1.1116257702958003	0.14578114893671837
0.10150687736932373	7.550970624039061	1.1075410157206027	0.14578116192983445
0.10206897125229505	7.520158647439899	1.1034795006993414	0.14578117530991874
0.10263417772764892	7.489472400094526	1.099441230727004	0.14578118909133636
0.10320251403135179	7.458911368960711	1.0954262129579102	0.14578120328910435
0.10377399749481431	7.4284750430896995	1.0914344562319152	0.14578121791892668
0.10434864554541962	7.398162913617706	1.087465971101263	0.1457812329972311
0.10492647570705503	7.367974473757342	1.0835207698581573	0.14578124854120864
0.10550750560064628	7.3379092187892	1.0795988665630483	0.14578126456885512
0.10609175294469479	7.307966646053411	1.0757002770736739	0.14578128109901564
0.10667923555581824	7.2781462549412	1.0718250190748484	0.14578129815143176
0.10726997134929368	7.248447546886554	1.0679731121090614	0.14578131574679143
0.10786397833960398	7.218870025357876	1.0641445776078875	0.14578133390678258
0.10846127464098707	7.189413195849677	1.0603394389242093	0.1457813526541496
0.10906187846798839	7.160076565874322	1.0565577213653414	0.14578137201275407
0.10966580813601642	7.130859644953772	1.052799452227013	0.14578139200763882
0.1102730820619011	7.1017619446114155	1.049064660828291	0.14578141266509678
0.1108837187644554	7.072782978363874	1.0453533785474265	0.1457814340127441
0.11149773686504029	7.043922261712886	1.041665638858697	0.145781456079598
0.11211515508813232	7.015179312137201	1.0380014773702413	0.14578147889616022
0.11273599226189468	6.986553649084519	1.0343609318629343	0.14578150249450594
0.11336026731875175	6.958044793963418	1.0307440423303145	0.14578152690837856
0.1139879992959657	6.929652270135426	1.0271508510196588	0.1457815521732914
0.11461920733621783	6.901375602906974	1.0235814024741403	0.14578157832663607
0.11525391068819174	6.873214319521516	1.020035743576197	0.14578160540779864
0.11589212870716047	6.845167949151607	1.0165139235920944	0.14578163345828385
0.11653388085557706	6.817236022891007	1.0130159942177364	0.14578166252184815
0.11717918670366757	6.789418073746884	1.0095420096257957	0.1457816926446422
0.11782806593002813	6.761713636631975	1.006092026514117	0.14578172387536376
0.11848053832222515	6.734122248356821	1.0026661041555645	0.14578175626542136
0.1191366237773984	6.706643447622025	0.9992643044492368	0.14578178986911028
0.1197963423028682	6.679276775010535	0.9958866919731724	0.14578182474380127
0.12045971401674513	6.652021772979965	0.992533334038567	0.14578186095014317
0.12112675914854372	6.624877985854949	0.9892043007455424	0.145781898552281
0.12179749803979953	6.5978449598195095	0.9858996650405637	0.14578193761809013
0.12247195114468905	6.57092224290949	0.9826195027754877	0.14578197821942862
0.12315013903065392	6.544109385004983	0.9793638927683659	0.14578202043240843
0.12383208237902767	6.517405937822816	0.9761329168660174	0.14578206433768784
0.12451780198566668	6.490811454909041	0.9729266600084628	0.14578211002078673
0.1252073187615845	6.464325491631477	0.9697452102952441	0.1457821575724263
0.12590065373358905	6.437947605172297	0.9665886590537377	0.14578220708889578
0.12659782804492417	6.411677354520589	0.9634571009094917	0.14578225867244846
0.1272988629559145	6.385514300465004	0.9603506338586878	0.14578231243172943
0.12800377984461336	6.35945800558641	0.9572693593427741	0.14578236848223805
0.12871260020745523	6.33350803425058	0.9542133823253633	0.14578242694682828
0.12942534565991076	6.307663952600906	0.9511828113714749	0.14578248795624998
0.1301420379371462	6.281925328551153	0.9481777587291772	0.14578255164973566
0.1308626988946864	6.256291731778205	0.945198340413757	0.14578261817563593
0.13158735050908085	6.230762733714908	0.9422446762944688	0.14578268769210884
0.13231601487857425	6.205337907542896	0.939316890183976	0.14578276036786822
0.13304871422378006	6.180016828185439	0.9364151099305629	0.14578283638299594
0.13378547088835838	6.154799072300351	0.9335394675132414	0.14578291592982498
0.13452630733969734	6.129684218272903	0.9306900991398276	0.14578299921389945
0.1352712461695979	6.1046718462087926	0.9278671453481222	0.14578308645501947
0.13602031009496315	6.079761537927082	0.9250707511102849	0.14578317788837913
0.13677352195849105	6.054952876953253	0.9223010659405365	0.14578327376580644
0.1375309047293706	6.030245448512228	0.919558244006298	0.1457833743571157
0.13829248150398285	6.005638839521429	0.9168424442429012	0.1457834799515835
0.13905827550660488	5.981132638583861	0.9141538304719964	0.14578359085956075
0.13982831009011795	5.956726435981266	0.911492571523806	0.14578370741423471
0.1406026087367201	5.932419823667244	0.9088588413633454	0.14578382997355652
0.14138119505864155	5.908212395260453	0.9062528192207854	0.14578395892235108
0.14216409279886558	5.8841037460377805	0.9036746897260927	0.145784094674629
0.14295132583185183	5.860093472927616	0.9011246430481185	0.14578423767612114
0.14374291816426457	5.836181174503109	0.8986028750383107	0.14578438840706032
0.1445388939357053	5.8123664509754045	0.8961095873791964	0.14578454738523608
0.145339277419448	5.788648904187043	0.893644987737868	0.1457847151693525
0.14614409302317993	5.765028137605232	0.891209289924609	0.14578489236272218
0.14695336528974612	5.741503756315236	0.8888027140568995	0.14578507961733325
0.14776711889789695	5.718075367013814	0.8864254867290028	0.14578527763833166
0.14858537866304178	5.694742578002587	0.8840778411873229	0.1457854871889644
0.14940816953800487	5.671504999181518	0.8817600175117984	0.1457857090960371
0.15023551661378665	5.648362242042395	0.8794722628035512	0.14578594425594413
0.1510674451203291	5.625313919662307	0.8772148313790205	0.14578619364133757
0.15190398042728456	5.602359646697218	0.8749879849708864	0.14578645830850984
0.15274514804479006	5.57949903937548	0.8727919929360037	0.14578673940557382
0.1535909736242446	5.556731715491451	0.8706271324706596	0.14578703818153535
0.1544414829590917	5.534057294399087	0.8684936888334337	0.145787355996365
0.15529670198560633	5.511475397005573	0.8663919555759845	0.14578769433219055
0.156156656783685	5.488985645765012	0.8643222347820695	0.14578805480574683
0.15702137357764168	5.466587664672094	0.8622848373151427	0.1457884391822387
0.1578908787370076	5.444281079255784	0.8602800830748788	0.14578884939079254
0.15876519877733478	5.422065516573124	0.8583083012630026	0.14578928754169723
0.15964436036100535	5.399940605202933	0.8563698306587939	0.14578975594566118
0.16052839029804403	5.377905975239639	0.8544650199046886	0.14579025713534474
0.16141731554693586	5.355961258287087	0.8525942278023827	0.14579079388946267
0.16231116321544867	5.334106087452364	0.8507578236198958	0.14579136925979333
0.16320996056145917	5.312340097339672	0.8489561874100442	0.14579198660147855
0.16411373499378462	5.2906629240442395	0.847189710340831	0.14579264960705385
0.16502251407301838	5.2690742051462	0.8434894803177411	0.1457933623447123
0.16573300642736222	5.273371622836472	0.8428332071678509	0.14579412930137828
0.166108116573694	5.320816688830939	0.8490842238937022	0.1457949554312537
0.1664841592800435	5.368677844809274	0.8554018380456573	0.14579584621059735
0.1668611373333905	5.416958601811583	0.861786518223429	0.14579680769961256
0.1672390535095586	5.465662501606609	0.8682387387289056	0.14579784661245265
0.1676179105757755	5.514793116656277	0.8747589796379702	0.14579897039650755
0.16799771129343263	5.564354050043667	0.8813477268782365	0.14580018732231656
0.1683784584210717	5.614348935358965	0.8880054723134528	0.14580150658566327
0.16876015471763378	5.664781436537102	0.8947327138354406	0.14580293842365433
0.16914280294601006	5.715655247639795	0.9015299554645617	0.14580449424687386
0.16952640587693904	5.7669740925734105	0.9083977074598506	0.14580618679004204
0.16991096629330274	5.818741724733209	0.9153364864402019	0.1458080302840045
0.17029648699488217	5.870961926562258	0.9223468155181077	0.14581004065234582
0.17068297080364211	5.923638509012128	0.9294292244477966	0.14581223573646948
0.17107042056962618	5.976775310889908	0.9365842497898605	0.14581463555363516
0.17145883917755592	6.030376198073659	0.9438124350948129	0.1458172625932098
0.1718482295542435	6.084445062575581	0.9511143311084632	0.14582014215729364
0.17223859467694613	6.138985821428362	0.9584904960024249	0.1458233027529556
0.17262993758280842	6.194002415366365	0.9659414956337044	0.1458267765445853
0.17302226137956975	6.2494988072679964	0.9734679038379292	0.14583059987638178
0.1734155692577359	6.305478980320178	0.9810703027616406	0.14583481387680117
0.17380986450445593	6.361946935858626	0.9887492832399819	0.14583946515893437
0.17420515051938246	6.418906690829474	0.9965054452272524	0.14584460663335283
0.17460143083284357	6.476362274808065	1.0043393982891624	0.14585029845303354
0.17499870912671436	6.534317726499057	1.0122517621672324	0.1458566091136591
0.17539698925844469	6.592777089627638	1.0202431674276493	0.14586361673701292
0.17579627528878264	6.6517444081155634	1.0283142562092906	0.1458714105705159
0.17619657151383392	6.711223720415023	1.0364656830883072	0.14588009274236943
0.17659788250221575	6.771219052849373	1.0446981160799886	0.14588978031952485
0.17700021313820657	6.831734411781029	1.0530122378026883	0.14590060772508154
0.17740356867196663	6.8927737743911885	1.0614087468333346	0.14591272958309395
0.17780795477810882	6.954341077814097	1.0698883592899282	0.1459263240725889
0.17821337762415368	7.016440206316953	1.0784518106834684	0.1459415968894202
0.17861984395070032	7.079074976154381	1.0870998580903202	0.14595878593510916
0.17902736116551599	7.142249117650627	1.095833282706452	0.14597816687690401
0.17943593745419062	7.205966253970199	1.1046528928576391	0.14600005975401364
0.1798455819105446	7.27022987592512	1.1135595275552277	0.1460248368426802
0.18025630469064144	7.3350433120290415	1.122554060705994	0.14605293203913897
0.18066811719506226	7.4004096928394025	1.1316374061078243	0.14608485207669225
0.1810810322850925	7.466331908421098	1.1408105233914472	0.14612118996376441
0.18149506453968323	7.532812557509618	1.1500744251035653	0.14616264111727595
0.18191023056154648	7.599853886635738	1.1594301851699298	0.14621002277422726
0.182326549342587	7.667457717083948	1.1688789490304337	0.14626429739941824
0.18274404270115072	7.735625357073047	1.1784219458044989	0.146326600975596
0.18316273580639236	7.804357495946283	1.1880605029271907	0.14639827727275379
0.1835826578085704	7.873654076410755	1.1977960637987821	0.14648091945694564
0.18400384259843716	7.943514139931884	1.2076302091178408	0.14657642073009683
0.18442632972433762	8.013935639221332	1.2175646827271043	0.14668703610919753
0.1848501655024364	8.084915210292603	1.2276014230005343	0.14681545797951695
0.18527540436403128	8.156447894719115	1.2377426010497892	0.1469649087224648
0.1857021104946468	8.228526800412416	1.2479906673422225	0.14713925456376628
0.18613035983313128	8.301142686312724	1.258348408717708	0.14734314586269326
0.18656024251608405	8.374283452682818	1.2688190182901204	0.1475821904345228
0.18699186587461325	8.447933514001177	1.279406181349049	0.14786316825266566
0.18742535811796465	8.5220730254832	1.2901141811743224	0.1481942981271424
0.18786087287366224	8.596676926657112	1.3009480296857696	0.1485855698506738
0.18829859479864938	8.671713755716468	1.3119136291316333	0.149049159037801
0.18873874653339842	8.74714417595692	1.3230179726452878	0.14959994671374174
0.18918159734483764	8.822919139695035	1.3342693935651284	0.1502561719790117
0.1896274738991814	8.898977594640904	1.3456778760346133	0.15104025423573683
0.19007677372889367	8.975243611435701	1.3572554427259818	0.15197983211469496
0.19052998211773273	9.051622777257865	1.3690166397431058	0.1531090801934846
0.1909876933356077	9.127997656847853	1.3809791440764285	0.15447038292472218
0.19145063742617213	9.204222066166341	1.3931645256636875	0.1561164693494226
0.1919129407968742	9.28142401731133	1.4054204721039751	0.15791528982776074
0.19238746566741413	9.357112723105121	1.418088398114899	0.15939383035667304
0.1928670839146884	9.432651738107955	1.430983679492141	0.16091344921034295
0.1933518815553573	9.50801693998324	1.4441110631248466	0.16247555446683495
0.1938419485614052	9.58318320640985	1.4574753882103322	0.16408161327308077
0.19433737902581363	9.658124376323798	1.4710815871270213	0.16573315477905992
0.19483827133712003	9.73281320977476	1.4849346861480661	0.1674317732392874
0.19534472836338998	9.807221346357187	1.4990398059749535	0.1691791312923329
0.19598684196658567	9.855130986960397	1.5169335131234456	0.17107327936520675
0.1965035700655815	9.929001616764971	1.5315366355816717	0.17326289914257853
0.19702660249906298	10.002422341418608	1.546447667727487	0.17541650357153565
0.19755865563625113	10.074829708480648	1.5615738384674591	0.17753612713796188
0.19810042408597509	10.146065051590522	1.5768844753736868	0.17962367889350772
0.19865166462420025	10.216161027742535	1.5923784707983517	0.1816809454964497
0.19921215183843885	10.285148305291239	1.6080544691626524	0.18370959423602717
0.19978167701063362	10.353055640746113	1.6239108818240935	0.1857111760503113
0.2003600470545551	10.41990995980311	1.639945900474417	0.18768712854715502
0.20094708350469204	10.485736441801516	1.6561575092136673	0.18963877903723522
0.2015426215538935	10.550558606858889	1.6725434954386023	0.19156734758761362
0.20214650913727114	10.614398404996631	1.6891014596763843	0.19347395010362398
0.20275860606010862	10.677276306622263	1.7058288244868929	0.19535960144624448
0.20337878316771688	10.73921139378694	1.722722842549888	0.19722521859140685
0.20400692155537473	10.80022145168151	1.7397806040457153	0.1990716238369718
0.2046429118166522	10.860323059878695	1.7569990434312088	0.20089954806232385
0.2052866533285683	10.919531682868529	1.7743749457053233	0.20270963404472886
0.20593805357217404	10.977861759470706	1.791904952252115	0.20450243983576666
0.20659702748726558	11.035326790742948	1.8095855663420302	0.20627844220026476
0.2072634968600521	11.091939426035053	1.827413158365695	0.20803804011926758
0.20793738974269213	11.14771154686968	1.8453839708681743	0.20978155835764012
0.2086186399037011	11.202654348358575	1.863494123445279	0.21150925109595473
0.2093071863083118	11.256778417889894	1.8817396175575145	0.21322130562534428
0.2100029726279335	11.310093810847746	1.9001163413112585	0.21491784610301728
0.21070594677791388	11.362610123149683	1.9186200742510962	0.21659893736514296
0.21141606048286013	11.414336560411412	1.9372464922016412	0.21826458879282476
0.21213326886881498	11.465282003570513	1.9559911721917127	0.21991475822588716
0.2128575300816215	11.51545507082344	1.97484959748857	0.22154935591823108
0.2135888049308348	11.56486417575212	1.9938171627649048	0.22316824852755363
0.21432705655856465	11.61351758153657	2.01288917941621	0.22477126313129211
0.21507225013264689	11.661423451172386	2.03206088104175	0.22635819125976694
0.21582435256355045	11.708589893631427	2.0513274290976122	0.22792879293662988
0.2165833322444347	11.755025005925056	2.070683918726239	0.22948280071593413
0.2173491588137699	11.800736911049125	2.0901253847626595	0.23101992370439053
0.2181218029399289	11.845733791809666	2.109646807913837	0.23253985155670143
0.21890123612715112	11.890023920548172	2.129243121104003	0.23404225843126727
0.21968743054226758	11.93361568480394	2.148909215975444	0.23552680689304428
0.22048035886155634	11.976517608970434	2.168639949531137	0.2369931517499108
0.22130084618622117	12.01420915474341	2.187605449062938	0.23844094380858288
0.22216966856934195	12.042196747560919	2.204962281541445	0.2398698335359026
0.22304181168616255	12.070269073485147	2.222478075503658	0.24127947461122795
0.22391739105636618	12.09840411907011	2.240143882623264	0.242669527355674
0.22479651670343512	12.126581209110642	2.2579508925116683	0.24403966202409746
0.2256792932992501	12.154780965735464	2.2758904326899447	0.2453895619459997
0.22656582031886427	12.182985266024579	2.293953968997015	0.24671892650191965
0.22745619220463797	12.21117719825653	2.3121331063770625	0.2480274739224348
0.2283504985389014	12.239341016904087	2.330419589990643	0.2493149438975565
0.22924882422429366	12.267462096510073	2.3488053065958456	0.25058109998510847
0.23015124967091197	12.295526884586888	2.3672822861478107	0.2518257318076117
0.23105785098939016	12.323522853693278	2.3858427035668814	0.25304865702825563
0.23196870018901025	12.351438452851696	2.404478880627967	0.25424972309770805
0.2328838653799469	12.379263058476813	2.4231832879259887	0.25542880876480656
0.23380341097873178	12.406986924992326	2.441948546874709	0.25658582534556035
0.23472739791602587	12.434601135318184	2.4607674316989794	0.25772071774637206
0.235655883845787	12.46209755141299	2.4796328713829756	0.2588334652389488
0.2365889233549221	12.489468765058582	2.4985379515399333	0.25992408198599404
0.23752656817252854	12.516708049073173	2.517475916171723	0.26099261731845097
0.23846886737783413	12.543809309138346	2.5364401692895986	0.26203915576677056
0.2394158676059718	12.570767036421445	2.5554242763704553	0.2630638168504104
0.24036761325074227	12.597576261170627	2.5744219656260228	0.264066754631489
0.24132414666354918	12.624232507452646	2.5934271290653266	0.2650481570402267
0.2422855083477234	12.650731749196808	2.612433823334055	0.26600824498146936
0.24325173714749151	12.677070367698251	2.6314362703172556	0.26694727123319434
0.24422287043088564	12.703245110723769	2.6504288574947994	0.26786551914942747
0.24519894426594074	12.72925305335186	2.6694061380421195	0.26876330118142755
0.2461799935895754	12.755091560665415	2.688362830671229	0.2696409572323105
0.24716605236860992	12.780758252402386	2.7072938192100127	0.270498852861465
0.2481571537524342	12.806250969654933	2.72619415192018	0.2713373773561441
0.24915333021689967	12.831567743692451	2.745059040556691	0.2721569416884855
0.2501546136990774	12.856706766968687	2.763883859173874	0.27295797637690655
0.25116103572258874	12.881666366356573	2.7826641426853738	0.273740929271323
0.2521726275132888	12.906444978638778	2.8013955851870826	0.2745062632819545
0.2531894201051475	12.931041128265827	2.82007403805395	0.2752544540715893
0.25421144443624727	12.955453407377478	2.8386955078230263	0.2759859877310841
0.2552387314348868	12.979680458067365	2.857256153876418	0.27670135845758287
0.256271312095845	13.003720956856558	2.875752285939145	0.27740106625443867
0.2573092175469311	13.027573601325832	2.8941803614074595	0.27808561467112713
0.2583524791060098	13.051237098844057	2.9125369825242786	0.27875550860056575
0.2594011283287503	13.074710157316494	2.930818893418625	0.27941125215019325
0.2604551970474096	13.097991477865294	2.9490229770264422	0.28005334660195197
0.26151471740101123	13.121079749343956	2.9671462519102394	0.28068228847495236
0.262579721857329	13.143973644578006	2.985185868994968	0.28129856770311606
0.2636502432271343	13.16667181821597	3.0031391082373275	0.2819026659385005
0.2647263146711958	13.189172906068421	3.0210033752453485	0.28249505498933747
0.26580796970055787	13.211475525807344	3.0387761978645873	0.28307619540008483
0.26689524217065025	13.233578278894152	3.0564552227465844	0.28364653517902466
0.2679881662697962	13.255479753602444	3.074038211914468	0.2842065086771648
0.26908677650270524	13.277178529000919	3.0915230393398683	0.28475653562044373
0.2701911076695403	13.298673179761568	3.1089076875441237	0.2852970202955128
0.27130119484114934	13.319962281660802	3.126190244235921	0.28582835088771624
0.2724170733310496	13.341044417643642	3.1433688989963833	0.28635089896831567
0.27353877866473525	13.36191818432576	3.1604419400214954	0.28686501912653567
0.27466634654687044	13.38258219881295	3.1774077509306187	0.2873710487406659
0.2758037078311809	13.402277990838076	3.194318752424524	0.2895104374627305
0.2769494965676635	13.421282076414093	3.2111523643451574	0.2899527242342184
0.27810099778911584	13.440128984398724	3.2278688323969305	0.2903910357181643
0.2792582626680934	13.458814214803454	3.2444672523745544	0.2908253980201953
0.28042134132224206	13.477333554377942	3.2609467741530036	0.291255836561967
0.2815902828466309	13.49568306771814	3.277306601021769	0.2916823760887716
0.28276513534508324	13.51385908863277	3.2935459889966823	0.2921050406777899
0.2839459459605308	13.531858211759655	3.309664246111409	0.2925238537470163
0.28513276090442136	13.549677284421756	3.325660731690071	0.29293883806488175
0.28632562548520196	13.567313398715065	3.3415348556028746	0.293350015760603
0.28752458413590953	13.584763883819459	3.357286077506249	0.29375740833528324
0.2887296804408908	13.602026298524992	3.3729139060690954	0.2941610366737908
0.2899409571616806	13.619098423965728	3.3884178981865913	0.29456092105743986
0.2911584562620655	13.635978256553775	3.4037976581829583	0.29495708117749847
0.2923822189323552	13.652664001106608	3.419052837004559	0.2953495361495468
0.2936122856128919	13.669154064160995	3.434183131404658	0.2957383045287073
0.29484869601681973	13.685447047466557	3.449188283120945	0.2961234043257683
0.29609148915214273	13.701541741653212	3.4640680780471564	0.29650485302422047
0.297340703343094	13.717437120066224	3.478822345399827	0.296882667598224
0.2985963762508419	13.733132332762898	3.4934509568812255	0.2972568645315226
0.29985854489355906	13.748626700665497	3.5079538258395404	0.29762745983731853
0.30112724566587645	13.763919709864988	3.5223309064272854	0.29799446907912097
0.30240251435774873	13.779011006069904	3.5365821927587233	0.29835790739257745
0.30368438617275356	13.793900389195956	3.5507077180673554	0.29871778950829553
0.3049728957458485	13.808587808090783	3.564707553864117	0.2990741297756586
0.3062680771606089	13.823073355389658	3.578581809097196	0.2994269421876388
0.30756996396597025	13.837357262497266	3.5923306293141333	0.2997762404066044
0.3088785891924968	13.851439894690927	3.6059541958268384	0.30012203779111607
0.3101939853681997	13.865321746341507	3.6194527248803094	0.3004643474237054
0.311516184533925	13.879003436247386	3.6328264668255343	0.30080318213962126
0.3128452182583351	13.892485703077606	3.646075705297184	0.3011385545565287
0.3141811176525051	13.905769400920331	3.659200756396628	0.30147047710513974
0.31552391338415114	13.918855494932963	3.672201967880775	0.3017989620607498
0.3168736356915169	13.931745057090003	3.685079718357142	0.3021240215756516
0.31823031439693483	13.94443926202547	3.6978344164856347	0.30244566771239073
0.319593978920082	13.956939382966222	3.710466500187361	0.30276391247782286
0.32096465829095167	13.969246787753265	3.722976435860921	0.30307876785792903
0.32234238116255726	13.981362934947533	3.7353647176063767	0.30339024585333696
0.32372717582338956	13.993289370017429	3.7476318664573025	0.3036983585154932
0.3251190702096438	14.005027721605112	3.7597784296211074	0.30400311798342455
0.32651809191723263	14.016579697868881	3.771804979727907	0.30430453652102
0.32792426821360604	14.027947082898859	3.7837121140881234	0.3046026265547615
0.32933762604938993	14.039131733203648	3.7955004539589994	0.30489740071182136
0.33075819206986223	14.050135574265546	3.8071706438202235	0.30518887185844307
0.3321859926262817	14.060960597161943	3.818723350658721	0.30547705313851203
0.33362105378708146	14.071608855250956	3.8301592632627846	0.3057619580122184
0.3350634013489451	14.082082460919175	3.8414790915255996	0.30604360029470845
0.3365130608477754	14.092383582389786	3.852683565758248	0.30632199419461376
0.3379700575695692	14.102514440589266	3.8637734360122193	0.3065971543523421
0.33943441656121226	14.112477306071062	3.874749471411466	0.30686909587800826
0.34090616264120127	14.122274495994805	3.885612459493987	0.3071378343888773
0.34238532041030717	14.13190837115981	3.8963632055629733	0.3074033860461874
0.3438719142621878	14.141381333091536	3.9070025320474446	0.3076657675912137
0.3453659683939563	14.150695821180175	3.9175312778723694	0.3079249963804315
0.346867506816717	14.159854309870314	3.927950297838208	0.3081810904196312
0.3483765533660734	14.168859305900728	3.9382604620097243	0.30843406839683324
0.3498931317126122	14.177713345594324	3.9484626551141933	0.30868394971385055
0.3514172653723734	14.186418992196907	3.9585577759486457	0.30893075451633906
0.3529489777173041	14.194978833265079	3.9685467367962555	0.30917450372217864
0.3544882919857043	14.203395478102719	3.97843046285164	0.30941521904802205
0.356035231292663	14.21167155524617	3.988209891655023	0.3096529230338509
0.35758981864048595	14.21980970999802	3.997885972535056	0.3098876390653761
0.35915207692911666	14.227812602009823	4.007459666060241	0.310119391394122
0.36072202896654515	14.235682902914103	4.016931943498775	0.3103482051550341
0.36229969747920715	14.243423294005789	4.026303786286618	0.3105741063814549
0.3638851051223656	14.251036463974168	4.035576185503767	0.31079712201731297
0.3654782744904698	14.258525106685743	4.044750141358482	0.31101727992637784
0.36707922812749116	14.265891919018648	4.053826662679308	0.3112346088984384
0.3686879885372207	14.273139598750008	4.062806766414817	0.31144913865226836
0.3703045781935272	14.28027084249682	4.071691477140855	0.31166089983525136
0.37192901955056296	14.287288343711728	4.080481826575166	0.3118699240195485
0.3735613350529061	14.29419479073483	4.089178853099269	0.31207624369469966
0.3752015471456314	14.300992864902703	4.097783601287396	0.3122798922565633
0.3768496782842943	14.307685238716193	4.106297121442434	0.3124809039925118
0.37850575094481426	14.314274574068245	4.1147204691386845	0.3126793140628149
0.3801697876332476	14.320763520533152	4.1230547047713175	0.3128751584781558
0.38184181089542807	14.327154713718969	4.131300893112473	0.3130684740732473
0.3835218433264642	14.33345077368441	4.139460102873853	0.3132592984765259
0.3852099075800753	14.33965430342191	4.147533406275765	0.31344767007592733
0.386906026377746	14.345767887408268	4.155521878622499	0.3136336279807618
0.38861022251768684	14.351794090224544	4.163426597884022	0.3138172119797316
0.3903225188835754	14.357735455246655	4.17124864428393	0.31399846249515445
0.3920429384530643	14.363594503408248	4.178989099893668	0.3141774205334769
0.39377150430603586	14.369373732037076	4.18664904823294	0.3143541276321885
0.39550823963257914	14.375075613766631	4.194229573876439	0.314528625803268
0.3972531677406772	14.38070259552397	4.201731762066833	0.31470095747331905
0.3990063120635775	14.386257097595093	4.209156698334114	0.3148711654205753
0.40076769616682967	14.39174151276925	4.21650546812144	0.31503929270898123
0.4025373437549717	14.397158205562658	4.2237791564174785	0.31520538261957637
0.4043152786778404	14.402509511523053	4.230978847395497	0.3153694785794372
0.40610152493649276	14.407797736615523	4.238105624059294	0.31553162408845087
0.40789610668871695	14.413025156690331	4.245160567896226	0.3156918626442204
0.40969904825411363	14.418194017033139	4.252144758537483	0.31585023766541914
0.41151037411873487	14.423306531998012	4.2590592734259465	0.31600679241393526
0.4133301089392592	14.428364884723162	4.265905187491847	0.31616156991616245
0.4151582775466909	14.43337122692957	4.2726835728366	0.3163146128838125
0.41699490494956887	14.438327678802008	4.279395498425113	0.3164659636346375
0.41884001633666923	14.443236328952114	4.286042029786962	0.3166156640134643
0.4206936370791936	14.44809923446291	4.292624228726865	0.31676375531395246
0.42255579273242777	14.452918421013816	4.299143153044869	0.3169102782014947
0.4244265090368667	14.457695883084986	4.305599856266669	0.3170552726376837
0.4263058119187949	14.462433584239863	4.311995387384627	0.31719877780676986
0.4281937274903149	14.467133457484362	4.318330790609948	0.31734083204453495
0.4300902820488246	14.471797405700729	4.324607105136475	0.31748147276999866
0.43199550207593584	14.476427302154466	4.330825364916798	0.3176207364203701
0.43390941423583707	14.481024991071578	4.336986598450963	0.31775865838964096
0.43583204537310155	14.485592288284147	4.3430918285885465	0.31789527297120496
0.437763422509943	14.490130981941155	4.349142072344449	0.3180306133048663
0.4397035728429295	14.494642833281533	4.355138340728938	0.3181647113285798
0.4416525237391624	14.499129577466231	4.3610816385924	0.3182975977352372
0.443610302731934	14.503592924465275	4.366972964485089	0.3184293019347861
0.44557693751588123	14.508034559996211	4.3728133105323135	0.31855985202193554
0.44755245594165477	14.512456146508896	4.378603662325103	0.31868927474966563
0.4495368860101308	14.516859324211982	4.384344998826485	0.31881759550872096
0.4515302558661953	14.521245712135478	4.390038292293286	0.31894483831322673
0.4535325937921374	14.525616909222911	4.395684508213009	0.31907102579252317
0.45554392820069706	14.529974495446735	4.401284605255442	0.3191961791892692
0.45756428762782253	14.534320032938352	4.406839535237864	0.31932031836382024
0.45959370072519523	14.538655067124592	4.4123502431028365	0.3194434618048382
0.4616321962526052	14.542981127860049	4.417817666906765	0.31956562664604177
0.4636798030702583	14.547299730544124	4.423242737817158	0.3196868286889626
0.4657365501311277	14.55161237720929	4.428626380115751	0.3198070824315192
0.46780246647347246	14.555920557565525	4.433969511204013	0.31992640110217996
0.4698775812136686	14.56022574998355	4.43927304160681	0.3200447966994392
0.471961923539533	14.564529422396504	4.444537874968905	0.32016228003628816
0.4740555227043393	14.568833033096965	4.449764908038014	0.320278860789324
0.47615840802177395	14.573138031402284	4.454955030626777	0.3203945475521014
0.47827060886211153	14.577445858157308	4.460109125544652	0.3205093478923009
0.480392154649943	14.581757946038493	4.46522806848898	0.32062326841225575
0.4825230748638442	14.586075719618352	4.470312727882763	0.3207363148123566
0.4846633990384388	14.590400595142324	4.475363964644364	0.3208484919568335
0.4868131567693738	14.594733979963864	4.480382631872181	0.32095980394139806
0.48897237772182156	14.599077271575077	4.485369574424549	0.3210702541622206
0.49114109164320113	14.603431856161544	4.4903256283722	0.3211798453857131
0.4933193283809256	14.60779910660058	4.495251620297439	0.32128857981858794
0.4955071179060963	14.61218037981048	4.5001483664103965	0.32139645917767357
0.4977044903441835	14.616577013347802	4.50501667144916	0.32150348475897605
0.4999114760138887	14.620990321136041	4.509857327326081	0.32160965750549686
0.5021281054755176	14.62542158819615	4.514671111478345	0.32171497807333765
0.5043544095903656	14.629872064235464	4.519458784876202	0.3218194468956539
0.5065904195927833	14.634342955936571	4.52422108963742	0.3219230642440464
0.5088361671767576	14.638835417773969	4.52895874619188	0.3220258302870217
0.5110916845990306	14.643350541172174	4.533672449935583	0.32212774514518727
0.5133570048009368	14.647889341806382	4.538362867309116	0.32222880894289324
0.5156321615512997	14.652452744836193	4.543030631232023	0.322329021856076
0.5179171896128602	14.657041567856274	4.547676335822162	0.32242838415610553
0.5202121249348004	14.661656501344181	4.55230053032771	0.32252689624948744
0.5225170048739644	14.666298086390857	4.556903712200845	0.32262455871331636
0.5248318684473375	14.670966689510825	4.561486319245465	0.3227213723264283
0.5271567566182056	14.675662474352867	4.56604872077852	0.3228173380962432
0.5294917126181365	14.680385370170411	4.570591207756367	0.32291245728133605
0.5318367823064831	14.685135036964995	4.575113981834354	0.32300673140981734
0.5341920145684469	14.689910827294064	4.579617143352217	0.32310016229364336
0.5365574617518316	14.694711744835478	4.584100678269577	0.32319275203901443
0.5389331801413836	14.699536399934251	4.588564444117763	0.3232845030530518
0.5413192304680409	14.70438296252334	4.593008155086712	0.3233754180469727
0.5437156784484128	14.7092491130158	4.597431366430728	0.32346550003600916
0.5461225953473495	14.714131992013233	4.60183345845541	0.3235547523363346
0.54854005855352	14.719028149966949	4.606213620440814	0.3236431785592793
0.550968152154435	14.723933498264413	4.610570834962934	0.32373078260312527
0.5534069674934002	14.72884326358934	4.6149038631956465	0.32381756864277883
0.5558566036864521	14.73375194781482	4.6192112319068945	0.32390354111762026
0.5583171680725802	14.73865329611756	4.623491223000563	0.32398870471782676
0.5607887765656362	14.743540276431009	4.6277418665941426	0.32407306436945993
0.5632715538715242	14.748405073753803	4.6319609387516225	0.32415662521859806
0.5657656335300155	14.753239103157977	4.6361459650987635	0.32423939261478035
0.5682711577372468	14.75803304555031	4.640294231618386	0.32432137209401446
0.5707882769033711	14.762776910263828	4.64440280393566	0.32440256936158
0.5733171489006393	14.767460128328173	4.648468556336242	0.3244829902748411
0.5758579379612715	14.7720716797046	4.652488211586952	0.3245626408262581
0.5784108131927241	14.776600256798345	4.656458392325261	0.32464152712676797
0.5809759466912351	14.781034465107075	4.6603756843271045	0.3247196553896793
0.5835535112534699	14.785363059881279	4.664236711336645	0.3247970319152028
0.5861436777110859	14.78957521515083	4.668038220342689	0.32487366307572096
0.5887466119437933	14.79366081845964	4.671777175228919	0.32494955530187203
0.5913624716620485	14.797610781272676	4.67545085564792	0.32502471506950925
0.593991403088854	14.801417351497426	4.6790569568416265	0.3250991488875735
0.5966335377080502	14.805074411224286	4.682593685057257	0.3251728632868998
0.5992889892796406	14.808577740067959	4.686059842325033	0.3252458648099644
0.6019578513456123	14.811925222901948	4.6894548938366665	0.3253181600015636
0.6046401954564052	14.815116980867304	4.6927790111670316	0.3253897554004036
0.6073360703328222	14.818155406805761	4.69603308527693	0.32546065753156983
0.6100455021361194	14.821045091070859	4.699218704738153	0.3255308728998381
0.6127684959484174	14.823792631076419	4.702338096958186	0.3256004079837806
0.6155050384684977	14.826406327629247	4.70539403325303	0.32566926923061584
0.6182551018117	14.828895782255941	4.708389702169192	0.3257374630517511
0.6210186481797799	14.83127142107852	4.711328559080914	0.32580499581895844
0.6237956350545504	14.833543980643217	4.714214163252471	0.3258718738611308
0.6265860204877629	14.835723997636334	4.717050015674953	0.3259381034615612
0.6293897680274328	14.837821346026653	4.719839411546731	0.32600369085569114
0.6322068508502622	14.839844860880007	4.7225853199491565	0.32606864222927584
0.6350372547631978	14.841802077955364	4.725290300083681	0.32613296371691813
0.6378809798835707	14.843699103483925	4.72795645878058	0.3261966614009236
0.640738040982984	14.845540611665937	4.730585448626042	0.32625974131043506
0.6436084666527397	14.84732995149291	4.733178500969206	0.32632220942080753
0.6464922975845697	14.849069332570215	4.735736484240481	0.32638407165318856
0.6493895843340973	14.850760053866722	4.738259976141965	0.32644533387427227
0.6523003849355706	14.852402740427243	4.740749338583861	0.3265060018961989
0.6552247626730533	14.853997560020828	4.743204786417926	0.32656608147657573
0.6581627842090751	14.855544402078758	4.745626444305956	0.3266255783185984
0.661114518157408	14.857043012181418	4.748014389529142	0.3266844980712531
0.6640800340899844	14.858493084261983	4.7503686813869725	0.32674284632958506
0.667059401905824	14.859894318185336	4.752689379594186	0.32680062863501935
0.670052691465074	14.861246452314179	4.754976554718548	0.32685785047572335
0.6730599723957611	14.862549279963819	4.75723029348556	0.3269145172870011
0.6760813140013077	14.863802656551162	4.7594507011146145	0.32697063445171193
0.6791167852210688	14.865006501895259	4.76163790210615	0.3270262073007079
0.6821664546164591	14.86616080020655	4.763792040288577	0.32708124111328385
0.6852303903689152	14.867265599027716	4.765913278527894	0.3271357411176368
0.6883086602836749	14.86832100767861	4.768001798276295	0.32718971249133166
0.69140133179704	14.869327195420764	4.770057799028583	0.32724316036176954
0.6945084719863155	14.870284389420767	4.772081497711651	0.3272960898066579
0.6976301475821072	14.87119287254567	4.774073128017586	0.3273485058544814
0.700766424982821	14.87205298100995	4.776032939686615	0.3274004134849695
0.7039173702712214	14.87286510189188	4.7779611977455785	0.32745181762956455
0.7070830492328991	14.873629670535934	4.77985818170724	0.32750272317188484
0.7102635273765031	14.87434716785921	4.781724184736217	0.32755313494818594
0.7134588699555595	14.87501811757976	4.783559512787279	0.3276030577478179
0.7166691419917084	14.875643083384858	4.7853644837218186	0.3276524963136786
0.719894408299177	14.876222666057433	4.787139426408432	0.32770145534266343
0.7231347335102974	14.876757500578302	4.7888846798132825	0.327749939486111
0.7263901821018868	14.87724825322227	4.790600592086147	0.3277979533502442
0.7296608184222924	14.877695618664685	4.7922875196475605	0.3278455014966078
0.7329467067189166	14.878100317115141	4.793945826282508	0.3278925884425014
0.7362479111660333	14.878463091493657	4.795575882245686	0.32793921866140885
0.7395644958927176	14.878784704664056	4.797178063383202	0.3279853965834227
0.7428965250107036	14.879065936738247	4.798752750275201	0.3280311265956652
0.7462440626420205	14.879307582463271	4.800300327403398	0.3280764130427052
0.7496071729462367	14.87951044870272	4.801821182347339	0.32812126022697075
0.752985920147172	14.879675352021946	4.8033157050125785	0.3281656724091578
0.7563803685589495	14.879803116385558	4.80478428689362	0.32820965380863515
0.7597905826112565	14.879894570974042	4.806227320373969	0.32825320860384505
0.7632166268737233	14.879950548125247	4.807645198065264	0.32829634093270055
0.76665856607932	14.879971881404604	4.80903831218686	0.3283390548929782
0.7701164651466986	14.87995940380715	4.810407053986993	0.32838135454270756
0.773590389201424	14.879913946092444	4.811751813205977	0.32842324390055677
0.7770804035960384	14.87983633525273	4.813072977581684	0.32846472694621426
0.7805865739289397	14.8797273931134	4.814370932397088	0.32850580762076687
0.7841089660620497	14.879587935063423	4.815646060069255	0.32854648982707424
0.7876476461372683	14.879418768912755	4.816898739778899	0.3285867774301397
0.7912026805917266	14.879220693872766	4.8181293471393065	0.32862667425747744
0.7947741361718478	14.878994499654855	4.819338253903176	0.32866618409947584
0.7983620799462596	14.878740965681754	4.820525827705675	0.3287053107097581
0.8019665793175835	14.878460860405864	4.821692431841932	0.32874405780553856
0.8055877020331531	14.878154940727889	4.822838425076896	0.3287824290679756
0.8092255161947142	14.877823951509443	4.823964161485539	0.32882042814252205
0.8128800902671556	14.877468625172535	4.825069990321181	0.32885805863927076
0.8165514930863427	14.877089681379239	4.826156255909808	0.3288953241332982
0.8202397938661086	14.876687826784462	4.827223297568154	0.3289322281650036
0.82394506220447	14.876263754855117	4.8282714495433785	0.32896877424044585
0.8276673680891328	14.875818145748992	4.829301040972222	0.32900496583167593
0.8314067819023554	14.875351666246987	4.830312395857625	0.32904080637706745
0.8351633744252207	14.87486496973264	4.831305833060832	0.32907629928164284
0.8389372168413951	14.874358696213054	4.832281666307116	0.32911144791739694
0.8427283807404188	14.873833472376013	4.833240204203438	0.32914625562361766
0.8465369381205868	14.873289911678203	4.834181750266393	0.32918072570720264
0.8503629613914783	14.872728614459946	4.835106602958986	0.329214861442974
0.8542065233761662	14.87215016808226	4.836015055734863	0.3292486660739892
0.8580676973131705	14.871555147082574	4.836907397088815	0.32928214281184914
0.8619465568581798	14.870944113345638	4.837783910612436	0.3293152948370033
0.8658431760855834	14.870317616286655	4.838644875053958	0.32934812529905183
0.8697576294898485	14.869676193044064	4.839490564381454	0.32938063731704503
0.873689991986761	14.86902036867947	4.840321247848554	0.3294128339797794
0.8776403389145657	14.868350656383212	4.841137190062209	0.32944471834609107
0.8816087460350214	14.867667557683344	4.841938651051756	0.3294762934451468
0.8855952895343899	14.866971562656945	4.842725886338954	0.3295075622767312
0.8896000460243795	14.866263150142473	4.843499147008524	0.3295385278115323
0.8936230925430442	14.865542787952144	4.844258679778902	0.32956919299142323
0.8976645065556663	14.86481093308355	4.845004727072904	0.3295995607297421
0.9017243659556197	14.864068031929843	4.845737527088111	0.3296296339115687
0.9058027490652242	14.863314520487993	4.846457313866777	0.32965941539399835
0.9098997346366029	14.862550824564668	4.84716431736513	0.32968890800641376
0.9140154018525336	14.861777359979492	4.847858763521963	0.32971811455075356
0.9181498303273182	14.860994532765211	4.848540874326378	0.32974703780177844
0.9223031001076529	14.860202739365102	4.849210867884743	0.329775680507335
0.9264752916735177	14.859402366826796	4.849868958486651	0.3298040453886167
0.9306664859390756	14.858593792993078	4.850515356669984	0.32983213514042214
0.9348767642535927	14.857777386689278	4.851150269285016	0.32985995243141164
0.9391062084023679	14.856953507907223	4.851773899557497	0.3298874999043603
0.9433549006076863	14.85612250798599	4.852386447150804	0.3299147801764091
0.9476229235297895	14.855284729789137	4.852988108227054	0.3299417958393137
0.9519103602678604	14.854440507878824	4.853579075507306	0.32996854945969095
0.9562172943610348	14.853590168686436	4.854159538330702	0.32999504357926196
0.9605438097894187	14.852734030680269	4.854729682712761	0.33002128071509435
0.9648899909751383	14.851872404529628	4.85528969140257	0.33004726335984086
0.969255922783399	14.851005593266196	4.855839743939181	0.3300729939819765
0.9736416905235665	14.850133892442022	4.856380016706966	0.3300984750260328
0.9780473799502697	14.849257590284607	4.856910682990117	0.3301237089128304
0.9824730772645126	14.84837696784901	4.8574319130262245	0.33014869803970853
0.9869188691148146	14.847492299166955	4.857943874058943	0.3301734447807534
0.9913848425983636	14.846603851393137	4.858446730389826	0.3301979514870231
0.995871085262187	14.845711884948665	4.858940643429246	0.33022222048677136
1.0003776851043475	14.844816653661656	4.859425771746479	0.3302462540856689
1.0049047305751442	14.843918404905283	4.859902271118967	0.33027005456702185
1.0094523105783415	14.843017379733048	4.86037029458076	0.3302936241919894
1.0140205144724146	14.842113813011295	4.8608299924700695	0.33031696519979803
1.0186094320718069	14.841207933549457	4.8612815124761415	0.33034007980795466
1.0232191536482131	14.84029996422749	4.8617249996852445	0.3303629702124571
1.02784976993187	14.83939012212096	4.862160596625916	0.3303856385880028
1.0325013721128715	14.838478618623684	4.8625884433134585	0.33040808708819536
1.0371740518424986	14.83756565956799	4.863008677293674	0.3304303178457491
1.0418679012345666	14.836651445342493	4.863421433685821	0.33045233297269194
1.0465830128667866	14.835736171007863	4.863826845224933	0.3304741345605657
1.0513194797821512	14.834820026409966	4.864225042303314	0.33049572468062505
1.0560773954903246	14.83390319629113	4.8646161530114185	0.3305171053840341
1.0608568539690613	14.83298586039896	4.865000303177977	0.33053827870206165
1.0656579496656344	14.832068193593207	4.865377616409477	0.33055924664627356
1.0704807774982819	14.831150365950466	4.865748214128955	0.33058001120872443
1.0753254328576738	14.830232542866737	4.866112215614113	0.33060057436214657
1.080192011608384	14.829314885158201	4.866469738034837	0.33062093806013737
1.085080610090392	14.828397549159716	4.8668208964900055	0.3306411042373452
1.0899913251205904	14.827480686821657	4.867165804043743	0.3306610748096529
1.0949242539943143	14.82656444580458	4.867504571760968	0.33068085167435984
1.0998794944868868	14.825648969572248	4.8678373087424225	0.3307004367103624
1.1048571448551734	14.824734397482684	4.868164122159042	0.33071983177833225
1.10985730383916	14.823820864877483	4.86848511728576	0.3307390387208931
1.1148800706635438	14.822908503169316	4.868800397534725	0.33075805936279606
